-0.7	0.5	1.427694027464451e-15
-0.7	0.54	3.707886827450852e-15
-0.7	0.56	2.6174524000563905e-15
-0.7	0.6000000000000001	3.810517363148493e-15
-0.7	0.6600000000000001	1.312486944233925e-15
-0.6799999999999999	0.4600000000000002	2.130038666540732e-15
-0.6799999999999999	0.5	7.628045937306246e-15
-0.6799999999999999	0.52	7.199236287613212e-15
-0.6799999999999999	0.56	1.8390128106865636e-14
-0.6799999999999999	0.6200000000000001	1.7211460417301353e-14
-0.6799999999999999	0.6800000000000002	6.5552781524356166e-15
-0.6599999999999999	0.42000000000000015	1.8011441115027973e-15
-0.6599999999999999	0.4600000000000002	8.893885856610216e-15
-0.6599999999999999	0.52	4.853548653408445e-14
-0.6599999999999999	0.5800000000000001	8.248220713079135e-14
-0.6599999999999999	0.6400000000000001	7.068956056388669e-14
-0.6599999999999999	0.7000000000000002	2.0928958022480198e-14
-0.6599999999999999	0.72	7.450648093192661e-15
-0.6399999999999999	0.44000000000000017	1.3020087060993508e-14
-0.6399999999999999	0.48	5.960322683303494e-14
-0.6399999999999999	0.52	2.8176968500890806e-13
-0.6399999999999999	0.54	2.8817919959084527e-13
-0.6399999999999999	0.5800000000000001	5.922673042995478e-13
-0.6399999999999999	0.6000000000000001	4.414680216891629e-13
-0.6399999999999999	0.6600000000000001	2.8634016058602176e-13
-0.6399999999999999	0.72	9.26123195350018e-14
-0.6399999999999999	0.74	2.2293865022577452e-14
-0.62	0.40000000000000013	4.964298253354355e-15
-0.62	0.44000000000000017	4.148313591548152e-14
-0.62	0.48	2.725938033132544e-13
-0.62	0.5	3.7273926891792243e-13
-0.62	0.54	1.616129238994578e-12
-0.62	0.56	1.596698913212219e-12
-0.62	0.6000000000000001	3.0622124148940327e-12
-0.62	0.6200000000000001	2.204932925460136e-12
-0.62	0.6800000000000002	1.0610122740575976e-12
-0.62	0.76	7.732101615184987e-14
-0.62	0.78	1.8674707746273513e-14
-0.62	0.8400000000000001	1.010164339941724e-15
-0.6	0.3600000000000001	1.4087411125764066e-15
-0.6	0.40000000000000013	1.6363070758080574e-14
-0.6	0.44000000000000017	1.4946142331189185e-13
-0.6	0.5	1.6467585747073204e-12
-0.6	0.56	8.64997922281109e-12
-0.6	0.6200000000000001	1.4774405787382308e-11
-0.6	0.6400000000000001	8.65812221461617e-12
-0.6	0.7000000000000002	4.535447460561233e-12
-0.6	0.72	1.410055249341009e-12
-0.6	0.78	2.472367631770626e-13
-0.6	0.8	5.037103368929701e-14
-0.58	0.3600000000000001	2.2010115460804045e-15
-0.58	0.42000000000000015	1.1351792697772086e-13
-0.58	0.4600000000000002	1.2225663069884964e-12
-0.58	0.52	1.1716931940389519e-11
-0.58	0.5800000000000001	4.320273056233125e-11
-0.58	0.6600000000000001	3.115107366879446e-11
-0.58	0.72	1.2884848694185031e-11
-0.58	0.74	5.528181669716225e-12
-0.58	0.76	1.4736099237288185e-12
-0.58	0.8400000000000001	3.109673762784099e-14
-0.58	0.8600000000000001	4.738728618601725e-15
-0.5599999999999999	0.3400000000000001	1.081375311637231e-15
-0.5599999999999999	0.3800000000000001	2.6728909211337507e-14
-0.5599999999999999	0.42000000000000015	4.0332947167257355e-13
-0.5599999999999999	0.48	8.719369078088227e-12
-0.5599999999999999	0.54	6.09989510714912e-11
-0.5599999999999999	0.6000000000000001	2.0135595793589156e-10
-0.5599999999999999	0.6800000000000002	1.286326835614043e-10
-0.5599999999999999	0.7000000000000002	7.252110423286189e-11
-0.5599999999999999	0.76	1.4718932804121065e-11
-0.5599999999999999	0.78	5.298771099646565e-12
-0.5599999999999999	0.8	1.2110431889575008e-12
-0.5599999999999999	0.8800000000000001	1.1373433360235358e-14
-0.5599999999999999	0.9000000000000001	1.492452490999695e-15
-0.5399999999999999	0.3400000000000001	1.7261895185149238e-15
-0.5399999999999999	0.3800000000000001	4.669335151646611e-14
-0.5399999999999999	0.42000000000000015	7.348881600233072e-13
-0.5399999999999999	0.44000000000000017	3.0449973402740687e-12
-0.5399999999999999	0.48	2.502685715514318e-11
-0.5399999999999999	0.5	4.7482628137055645e-11
-0.5399999999999999	0.54	2.575020465028451e-10
-0.5399999999999999	0.56	3.5299364857132437e-10
-0.5399999999999999	0.6200000000000001	8.757394780630316e-10
-0.5399999999999999	0.6400000000000001	6.415442052848741e-10
-0.5399999999999999	0.7000000000000002	4.956633364073563e-10
-0.5399999999999999	0.72	1.9561018218490976e-10
-0.5399999999999999	0.74	9.253379811055475e-11
-0.5399999999999999	0.8200000000000001	2.983015071290257e-12
-0.5399999999999999	0.8400000000000001	7.826496792094993e-13
-0.5399999999999999	0.8600000000000001	1.3379228730161762e-13
-0.5199999999999999	0.3400000000000001	2.9725452298624966e-15
-0.5199999999999999	0.3800000000000001	1.0738922048231955e-13
-0.5199999999999999	0.40000000000000013	6.026708640612897e-13
-0.5199999999999999	0.44000000000000017	6.885246592645503e-12
-0.5199999999999999	0.5	1.6444763736894702e-10
-0.5199999999999999	0.52	3.5838440956349943e-10
-0.5199999999999999	0.56	1.2001456984119668e-9
-0.5199999999999999	0.5800000000000001	1.589273920774229e-9
-0.5199999999999999	0.6600000000000001	2.5333139157446503e-9
-0.5199999999999999	0.6800000000000002	1.5251741529399152e-9
-0.5199999999999999	0.74	6.913108416595083e-10
-0.5199999999999999	0.76	2.339172616137053e-10
-0.5199999999999999	0.78	9.284682449520471e-11
-0.5199999999999999	0.8800000000000001	3.048798307018201e-13
-0.5199999999999999	0.9000000000000001	4.488014804909953e-14
-0.5199999999999999	0.9200000000000002	5.7633476832473425e-15
-0.4999999999999999	0.3400000000000001	5.46830590649744e-15
-0.4999999999999999	0.3600000000000001	4.210747314001058e-14
-0.4999999999999999	0.40000000000000013	8.78423607819321e-13
-0.4999999999999999	0.4600000000000002	5.7899631964227284e-11
-0.4999999999999999	0.52	9.516388477855102e-10
-0.4999999999999999	0.54	1.6703304434156896e-9
-0.4999999999999999	0.6000000000000001	8.066912574234082e-9
-0.4999999999999999	0.6200000000000001	7.355175832416246e-9
-0.4999999999999999	0.6800000000000002	7.864595206710835e-9
-0.4999999999999999	0.7000000000000002	5.48418451409206e-9
-0.4999999999999999	0.72	2.427914440629472e-9
-0.4999999999999999	0.8	2.1997016010152694e-10
-0.4999999999999999	0.8200000000000001	5.5671364831772685e-11
-0.4999999999999999	0.8400000000000001	1.6104593970142444e-11
-0.4999999999999999	0.9600000000000002	1.361099040382909e-15
-0.48	0.32000000000000006	1.6176547674434476e-15
-0.48	0.3600000000000001	7.723565583310124e-14
-0.48	0.40000000000000013	1.6467585747073426e-12
-0.48	0.42000000000000015	9.632645461003407e-12
-0.48	0.48	3.656179318762484e-10
-0.48	0.54	5.229277496348078e-9
-0.48	0.56	8.821400171975502e-9
-0.48	0.6400000000000001	2.7855939729385026e-8
-0.48	0.6600000000000001	2.5524873153099105e-8
-0.48	0.74	8.007048223287023e-9
-0.48	0.76	3.5368048843047933e-9
-0.48	0.78	1.3301136083385222e-9
-0.48	0.8800000000000001	6.681832552650457e-12
-0.48	0.9000000000000001	1.1034123300732845e-12
-0.48	0.9200000000000002	1.5895530623386955e-13
-0.48	0.9400000000000002	1.9975937944471106e-14
-0.45999999999999996	0.32000000000000006	2.3830833565068374e-15
-0.45999999999999996	0.3600000000000001	1.1464029350421785e-13
-0.45999999999999996	0.3800000000000001	7.456776062201392e-13
-0.45999999999999996	0.42000000000000015	1.781371999476808e-11
-0.45999999999999996	0.44000000000000017	7.757559269720176e-11
-0.45999999999999996	0.48	7.804248834965474e-10
-0.45999999999999996	0.5	2.4986299501172273e-9
-0.45999999999999996	0.56	2.5494477188854787e-8
-0.45999999999999996	0.5800000000000001	4.13978841237316e-8
-0.45999999999999996	0.6000000000000001	5.788580778469127e-8
-0.45999999999999996	0.6600000000000001	9.844637392819379e-8
-0.45999999999999996	0.6800000000000002	8.714130923814202e-8
-0.45999999999999996	0.7000000000000002	5.801575713300106e-8
-0.45999999999999996	0.8	2.9919430281893566e-9
-0.45999999999999996	0.8200000000000001	9.740509363195232e-10
-0.45999999999999996	0.8400000000000001	2.7093301765331836e-10
-0.45999999999999996	0.8600000000000001	5.82852841284164e-11
-0.45999999999999996	0.9600000000000002	3.998291586748803e-14
-0.45999999999999996	0.9800000000000002	4.326817052160059e-15
-0.43999999999999995	0.32000000000000006	2.295940153325686e-15
-0.43999999999999995	0.3400000000000001	3.075844545212353e-14
-0.43999999999999995	0.3800000000000001	1.333618386488689e-12
-0.43999999999999995	0.44000000000000017	1.356195242096603e-10
-0.43999999999999995	0.4600000000000002	5.607414811567027e-10
-0.43999999999999995	0.52	1.5327928107721303e-8
-0.43999999999999995	0.54	3.282311275499916e-8
-0.43999999999999995	0.6200000000000001	2.4584361579857697e-7
-0.43999999999999995	0.6400000000000001	2.421024421693319e-7
-0.43999999999999995	0.72	1.5533668724048834e-7
-0.43999999999999995	0.74	9.934732258754954e-8
-0.43999999999999995	0.76	4.2121197507920584e-8
-0.43999999999999995	0.8800000000000001	1.1972704601794516e-10
-0.43999999999999995	0.9000000000000001	2.2179470331767082e-11
-0.43999999999999995	0.9200000000000002	3.584305563600321e-12
-0.43999999999999995	0.9400000000000002	5.053052784098241e-13
-0.43999999999999995	0.9600000000000002	6.214376994492071e-14
-0.41999999999999993	0.3400000000000001	3.626788581524759e-14
-0.41999999999999993	0.40000000000000013	1.0832661055238744e-11
-0.41999999999999993	0.4600000000000002	1.0981389784956822e-9
-0.41999999999999993	0.48	4.428824916602494e-9
-0.41999999999999993	0.54	7.057310515029553e-8
-0.41999999999999993	0.56	1.731057442787226e-7
-0.41999999999999993	0.5800000000000001	2.581918675733701e-7
-0.41999999999999993	0.6600000000000001	7.847431349995893e-7
-0.41999999999999993	0.6800000000000002	6.668919189267619e-7
-0.41999999999999993	0.7000000000000002	4.828191415410239e-7
-0.41999999999999993	0.8	4.2477744522027864e-8
-0.41999999999999993	0.8200000000000001	1.3470545564739383e-8
-0.41999999999999993	0.8400000000000001	3.726523588816221e-9
-0.41999999999999993	0.8600000000000001	8.993267609728217e-10
-0.41999999999999993	1.0000000000000002	1.2345406455531462e-14
-0.41999999999999993	1.0200000000000002	1.1405281962381595e-15
-0.3999999999999999	0.3600000000000001	4.904074273604902e-13
-0.3999999999999999	0.42000000000000015	1.1600597468864998e-10
-0.3999999999999999	0.5	2.5464453094628937e-8
-0.3999999999999999	0.52	8.056390745924988e-8
-0.3999999999999999	0.5800000000000001	6.972975293143092e-7
-0.3999999999999999	0.6000000000000001	1.0333745631378109e-6
-0.3999999999999999	0.6200000000000001	1.5182075714569482e-6
-0.3999999999999999	0.72	1.3865574116358888e-6
-0.3999999999999999	0.74	8.626484003904056e-7
-0.3999999999999999	0.76	4.5904377217275034e-7
-0.3999999999999999	0.78	1.896411478848254e-7
-0.3999999999999999	0.9200000000000002	6.607920490808825e-11
-0.3999999999999999	0.9400000000000002	1.0450336518216408e-11
-0.3999999999999999	0.9600000000000002	1.4417524408573017e-12
-0.3999999999999999	0.9800000000000002	1.7351861306830255e-13
-0.3999999999999999	1.0000000000000002	1.821781941531413e-14
-0.3799999999999999	0.32000000000000006	8.13474896236579e-15
-0.3799999999999999	0.3600000000000001	5.528653101355464e-13
-0.3799999999999999	0.3800000000000001	5.6763001019276814e-12
-0.3799999999999999	0.44000000000000017	1.0634072371522503e-9
-0.3799999999999999	0.4600000000000002	5.215760923597443e-9
-0.3799999999999999	0.52	1.5213638092077845e-7
-0.3799999999999999	0.54	3.4215851986230687e-7
-0.3799999999999999	0.56	8.814608887587238e-7
-0.3799999999999999	0.6400000000000001	5.247799726896446e-6
-0.3799999999999999	0.6600000000000001	5.6544391857454345e-6
-0.3799999999999999	0.6800000000000002	5.2024935651173505e-6
-0.3799999999999999	0.7000000000000002	3.6951539652048752e-6
-0.3799999999999999	0.8200000000000001	1.67982090256088e-7
-0.3799999999999999	0.8400000000000001	5.1906369151186597e-8
-0.3799999999999999	0.8600000000000001	1.39917898558107e-8
-0.3799999999999999	0.8800000000000001	3.290189024271802e-9
-0.3799999999999999	0.9000000000000001	6.749372186050069e-10
-0.36	0.32000000000000006	9.500150358594664e-15
-0.36	0.3800000000000001	7.039662935156129e-12
-0.36	0.40000000000000013	5.624028768330184e-11
-0.36	0.4600000000000002	6.9768640426667484e-9
-0.36	0.48	3.3148918258812454e-8
-0.36	0.5	1.1340058629088221e-7
-0.36	0.5800000000000001	3.2597469599475555e-6
-0.36	0.6000000000000001	6.027073763666838e-6
-0.36	0.6200000000000001	8.348250843420427e-6
-0.36	0.74	5.927036326805922e-6
-0.36	0.76	3.5413908161205373e-6
-0.36	0.78	1.8153301978788026e-6
-0.36	0.8	7.307486828247819e-7
-0.36	0.8200000000000001	2.566110791061973e-7
-0.36	0.9800000000000002	3.6922033448658195e-12
-0.36	1.0000000000000002	4.348631374717444e-13
-0.36	1.0200000000000002	4.468014060307735e-14
-0.36	1.0400000000000003	3.3906333213219934e-15
-0.33999999999999997	0.3400000000000001	1.3103439783680195e-13
-0.33999999999999997	0.3600000000000001	2.0044344344524517e-12
-0.33999999999999997	0.42000000000000015	5.792270997085215e-10
-0.33999999999999997	0.44000000000000017	3.532769890954714e-9
-0.33999999999999997	0.52	5.141591408967361e-7
-0.33999999999999997	0.54	1.4506291968318278e-6
-0.33999999999999997	0.6400000000000001	0.000023159407527854093
-0.33999999999999997	0.6600000000000001	0.000030823808755753455
-0.33999999999999997	0.6800000000000002	0.000028031821333384252
-0.33999999999999997	0.7000000000000002	0.00002507213416301172
-0.33999999999999997	0.72	0.000019229438806267555
-0.33999999999999997	0.8800000000000001	3.7414932635059676e-8
-0.33999999999999997	0.9000000000000001	8.610019879921806e-9
-0.33999999999999997	0.9200000000000002	1.728455860720464e-9
-0.33999999999999997	0.9400000000000002	3.0269649037318e-10
-0.33999999999999997	0.9600000000000002	3.898370914743869e-11
-0.33999999999999997	0.9800000000000002	5.21794904075203e-12
-0.33999999999999997	1.0000000000000002	6.092723386847345e-13
-0.31999999999999995	0.30000000000000004	1.6436717175942064e-15
-0.31999999999999995	0.3600000000000001	1.8741291608405878e-12
-0.31999999999999995	0.3800000000000001	2.2020575460413725e-11
-0.31999999999999995	0.44000000000000017	4.008486445680325e-9
-0.31999999999999995	0.4600000000000002	2.3729232426863526e-8
-0.31999999999999995	0.48	1.0215950987006314e-7
-0.31999999999999995	0.5800000000000001	0.00001315713784265337
-0.31999999999999995	0.6000000000000001	0.000023159407527854053
-0.31999999999999995	0.6200000000000001	0.00003587184866536469
-0.31999999999999995	0.6400000000000001	0.00004757302794864262
-0.31999999999999995	0.78	0.000013664991788118485
-0.31999999999999995	0.8	6.144135215035571e-6
-0.31999999999999995	0.8200000000000001	2.4099448664939455e-6
-0.31999999999999995	0.8400000000000001	8.246096298773204e-7
-0.31999999999999995	0.8600000000000001	2.4614139071563e-7
-0.29999999999999993	0.30000000000000004	1.0998200582366344e-15
-0.29999999999999993	0.32000000000000006	2.5740646683275723e-14
-0.29999999999999993	0.3800000000000001	2.169220532113329e-11
-0.29999999999999993	0.40000000000000013	2.327785744380683e-10
-0.29999999999999993	0.42000000000000015	1.7822942963520824e-9
-0.29999999999999993	0.5	4.828191415410247e-7
-0.29999999999999993	0.52	1.9632272859379156e-6
-0.29999999999999993	0.54	5.202493565117365e-6
-0.29999999999999993	0.56	0.00001364639590964621
-0.29999999999999993	0.6800000000000002	0.00014648364541711384
-0.29999999999999993	0.7000000000000002	0.00012924400573550125
-0.29999999999999993	0.72	0.00009947790561532426
-0.29999999999999993	0.74	0.0000667940548908032
-0.29999999999999993	0.76	0.000039124061943199464
-0.29999999999999993	0.78	0.000019991483334899955
-0.29999999999999993	1.0000000000000002	1.148619083073964e-11
-0.29999999999999993	1.0200000000000002	1.312499862006963e-12
-0.29999999999999993	1.0400000000000003	1.1368232066490661e-13
-0.29999999999999993	1.0600000000000003	9.928502575600417e-15
-0.2799999999999999	0.3400000000000001	3.9724487164432603e-13
-0.2799999999999999	0.3600000000000001	5.528181669716234e-12
-0.2799999999999999	0.42000000000000015	1.7028217312314639e-9
-0.2799999999999999	0.44000000000000017	1.2421416148601132e-8
-0.2799999999999999	0.4600000000000002	6.672123231751162e-8
-0.2799999999999999	0.48	3.4941264828630034e-7
-0.2799999999999999	0.5800000000000001	0.00004432871688028804
-0.2799999999999999	0.6000000000000001	0.00008648646531588628
-0.2799999999999999	0.6200000000000001	0.00013087961454756657
-0.2799999999999999	0.6400000000000001	0.00019082878201345457
-0.2799999999999999	0.6600000000000001	0.0002437622210943734
-0.2799999999999999	0.8800000000000001	5.657670122151391e-7
-0.2799999999999999	0.9000000000000001	1.4417183742028808e-7
-0.2799999999999999	0.9200000000000002	3.204927412954108e-8
-0.2799999999999999	0.9400000000000002	5.377107381247738e-9
-0.2799999999999999	0.9600000000000002	9.13595721528833e-10
-0.2799999999999999	0.9800000000000002	1.354111284720606e-10
-0.2799999999999999	1.0000000000000002	1.5279275457087514e-11
-0.2799999999999999	1.0200000000000002	1.730894683660087e-12
-0.2799999999999999	1.0600000000000003	1.2980749673031537e-14
-0.2599999999999999	0.30000000000000004	3.4142508456399418e-15
-0.2599999999999999	0.3600000000000001	4.585867817799325e-12
-0.2599999999999999	0.3800000000000001	6.008694027744855e-11
-0.2599999999999999	0.40000000000000013	6.634833621664619e-10
-0.2599999999999999	0.5	1.4053458184860164e-6
-0.2599999999999999	0.52	5.3150552495834066e-6
-0.2599999999999999	0.54	0.000013828279222430186
-0.2599999999999999	0.56	0.000039118656502996037
-0.2599999999999999	0.5800000000000001	0.00008534013852932646
-0.2599999999999999	0.74	0.0003600275799587684
-0.2599999999999999	0.76	0.00023453259171416377
-0.2599999999999999	0.78	0.0001233061078611216
-0.2599999999999999	0.8	0.00006124996320561359
-0.2599999999999999	0.8200000000000001	0.00002654141327580352
-0.2599999999999999	0.8400000000000001	9.286297074832847e-6
-0.2599999999999999	0.8600000000000001	3.069463305122786e-6
-0.2599999999999999	0.8800000000000001	8.850692890629648e-7
-0.2599999999999999	0.9000000000000001	1.9344723300740756e-7
-0.2599999999999999	0.9200000000000002	4.2632905446290054e-8
-0.24	0.30000000000000004	2.058989912737715e-15
-0.24	0.32000000000000006	5.207564746716522e-14
-0.24	0.3400000000000001	1.0500255959779635e-12
-0.24	0.42000000000000015	3.43919535140409e-9
-0.24	0.44000000000000017	2.645635131724598e-8
-0.24	0.4600000000000002	1.6941243849557784e-7
-0.24	0.48	7.38581890686064e-7
-0.24	0.6200000000000001	0.0003917065494764556
-0.24	0.6400000000000001	0.0005739885020905297
-0.24	0.6600000000000001	0.0008039440687265748
-0.24	0.6800000000000002	0.0008944133684531022
-0.24	0.7000000000000002	0.00086805590496135
-0.24	0.72	0.0007349437109010858
-0.24	0.74	0.0005428219852334079
-0.24	0.76	0.00034975002148121467
-0.24	0.78	0.00018195265071931625
-0.24	0.8	0.000089425292280672
-0.21999999999999997	0.3600000000000001	9.56627639217245e-12
-0.21999999999999997	0.3800000000000001	1.2796025435325567e-10
-0.21999999999999997	0.40000000000000013	1.2567403499150842e-9
-0.21999999999999997	0.54	0.000032276562597606116
-0.21999999999999997	0.56	0.00008934110874303755
-0.21999999999999997	0.5800000000000001	0.0001950417680824978
-0.21999999999999997	0.6000000000000001	0.00044340713037378863
-0.21999999999999997	0.6200000000000001	0.0007334951179190363
-0.21999999999999997	0.6400000000000001	0.0010584948515605344
-0.21999999999999997	0.6600000000000001	0.001440317502481329
-0.21999999999999997	1.0000000000000002	3.208123462646373e-10
-0.21999999999999997	1.0200000000000002	3.6199241996741196e-11
-0.21999999999999997	1.0400000000000003	3.978538964073757e-12
-0.21999999999999997	1.0600000000000003	3.4460159226230767e-13
-0.21999999999999997	1.0800000000000003	2.8947362660895134e-14
-0.21999999999999997	1.1000000000000003	1.924632996548557e-15
-0.19999999999999996	0.30000000000000004	6.547447827486369e-15
-0.19999999999999996	0.32000000000000006	1.3713743174463206e-13
-0.19999999999999996	0.44000000000000017	4.690615526800189e-8
-0.19999999999999996	0.4600000000000002	2.858615958322552e-7
-0.19999999999999996	0.48	1.5002089200851135e-6
-0.19999999999999996	0.5	5.606461469333095e-6
-0.19999999999999996	0.52	0.000022007769478006698
-0.19999999999999996	0.54	0.00006789657297150575
-0.19999999999999996	0.8200000000000001	0.00019985197039226738
-0.19999999999999996	0.8400000000000001	0.00008349093063139134
-0.19999999999999996	0.8600000000000001	0.00002713355268756701
-0.19999999999999996	0.8800000000000001	8.663734040475057e-6
-0.19999999999999996	0.9000000000000001	2.413228886843264e-6
-0.19999999999999996	0.9200000000000002	5.27452998925788e-7
-0.19999999999999996	0.9400000000000002	1.1229094909905494e-7
-0.19999999999999996	0.9600000000000002	1.883975558408344e-8
-0.19999999999999996	0.9800000000000002	3.0655177424670553e-9
-0.19999999999999996	1.0000000000000002	3.9480223874190375e-10
-0.19999999999999996	1.0200000000000002	4.682366564165769e-11
-0.19999999999999996	1.0400000000000003	4.853966708641447e-12
-0.19999999999999996	1.0600000000000003	4.204268631501245e-13
-0.19999999999999996	1.0800000000000003	3.5012798485324466e-14
-0.19999999999999996	1.1000000000000003	2.3279076596982473e-15
-0.17999999999999994	0.3400000000000001	1.1034123300732992e-12
-0.17999999999999994	0.3600000000000001	1.7894494025786033e-11
-0.17999999999999994	0.3800000000000001	2.1294242614805053e-10
-0.17999999999999994	0.40000000000000013	2.2019455604250706e-9
-0.17999999999999994	0.42000000000000015	1.5586682346931375e-8
-0.17999999999999994	0.44000000000000017	1.1701029459364681e-7
-0.17999999999999994	0.6400000000000001	0.0023307887615216316
-0.17999999999999994	0.6600000000000001	0.003256797976511404
-0.17999999999999994	0.6800000000000002	0.003969846152490024
-0.17999999999999994	0.7000000000000002	0.00422135120749097
-0.17999999999999994	0.72	0.0036888506001465965
-0.17999999999999994	0.74	0.0029911683896685403
-0.17999999999999994	0.76	0.001994785350444331
-0.17999999999999994	0.78	0.0011669828428024199
-0.17999999999999994	0.8	0.0005961848504991774
-0.17999999999999994	0.8200000000000001	0.00028182779161513424
-0.17999999999999994	0.8400000000000001	0.00011037962910416821
-0.17999999999999994	0.8600000000000001	0.00003777017620643335
-0.17999999999999994	0.8800000000000001	0.000011329529656431923
-0.17999999999999994	0.9000000000000001	2.9697989438861345e-6
-0.17999999999999994	0.9200000000000002	7.154183067577195e-7
-0.17999999999999994	0.9400000000000002	1.3699916816962946e-7
-0.17999999999999994	0.9800000000000002	3.7078457276932038e-9
-0.17999999999999994	1.0000000000000002	4.775264464869142e-10
-0.17999999999999994	1.0200000000000002	5.887599046576508e-11
-0.17999999999999994	1.0400000000000003	5.8204861467013e-12
-0.15999999999999992	0.30000000000000004	1.2540741641439685e-14
-0.15999999999999992	0.32000000000000006	2.6004206061001806e-13
-0.15999999999999992	0.3400000000000001	4.478220067733934e-12
-0.15999999999999992	0.5	7.964985910644759e-6
-0.15999999999999992	0.52	0.00002857427458265086
-0.15999999999999992	0.54	0.00009639384482872087
-0.15999999999999992	0.56	0.0002625570656898498
-0.15999999999999992	0.5800000000000001	0.0006238714179436977
-0.15999999999999992	0.6000000000000001	0.0012931932866381295
-0.15999999999999992	0.6200000000000001	0.00233845365354364
-0.15999999999999992	0.6400000000000001	0.0036888506001465995
-0.15999999999999992	0.6600000000000001	0.00507633577242189
-0.15999999999999992	0.6800000000000002	0.005745331950862116
-0.15999999999999992	0.7000000000000002	0.006030591378302049
-0.15999999999999992	0.72	0.005233819735058352
-0.15999999999999992	0.74	0.003967630386674193
-0.15999999999999992	0.76	0.002776761121105151
-0.15999999999999992	0.8	0.0008192005827139481
-0.15999999999999992	0.8400000000000001	0.0001417930124533007
-0.1399999999999999	0.3800000000000001	2.5407470830564565e-10
-0.1399999999999999	0.40000000000000013	2.2509702480879433e-9
-0.1399999999999999	0.42000000000000015	1.8709600629471507e-8
-0.1399999999999999	0.44000000000000017	1.339150118627033e-7
-0.1399999999999999	0.4600000000000002	7.126755128333306e-7
-0.1399999999999999	0.48	3.5668001803494296e-6
-0.1399999999999999	0.5	0.000015386106814114863
-0.1399999999999999	0.52	0.00005412607976273495
-0.1399999999999999	0.54	0.00016610449178583328
-0.1399999999999999	0.56	0.0004446856903092783
-0.1399999999999999	0.5800000000000001	0.0010385368392034594
-0.1399999999999999	0.6000000000000001	0.0019947853504443374
-0.1399999999999999	0.6200000000000001	0.003553451763333354
-0.1399999999999999	0.6400000000000001	0.005522041058724985
-0.11999999999999988	0.30000000000000004	1.8411543049898637e-14
-0.11999999999999988	0.32000000000000006	3.0797421954746695e-13
-0.11999999999999988	0.3400000000000001	4.867975200356561e-12
-0.11999999999999988	0.3600000000000001	6.468794257360417e-11
-0.11999999999999988	0.3800000000000001	6.324421393071289e-10
-0.11999999999999988	0.40000000000000013	5.408083435448072e-9
-0.11999999999999988	0.42000000000000015	3.9838560528045536e-8
-0.11999999999999988	0.44000000000000017	2.5511376943634286e-7
-0.11999999999999988	0.4600000000000002	1.3317350226829797e-6
-0.09999999999999987	0.28	2.8827217933149167e-15
-0.09999999999999987	0.30000000000000004	5.741654353478049e-14
-0.09999999999999987	0.32000000000000006	9.781763935190136e-13
-0.09999999999999987	1.0400000000000003	1.0761536323747275e-10
-0.09999999999999987	1.0600000000000003	1.0638865281768111e-11
-0.07999999999999985	0.6600000000000001	0.013959231646712868
-0.07999999999999985	0.7000000000000002	0.019278129939419634
-0.07999999999999985	0.72	0.018044764497335736
-0.07999999999999985	0.76	0.011223096899395964
-0.07999999999999985	0.78	0.007065077323359623
-0.07999999999999985	0.8	0.003896671153730792
-0.07999999999999985	0.8200000000000001	0.0019789577334814166
-0.07999999999999985	0.8400000000000001	0.0008378352278152065
-0.07999999999999985	0.8600000000000001	0.0003107802026538715
-0.07999999999999985	0.9000000000000001	0.00003009375015511093
-0.07999999999999985	0.9200000000000002	7.5073891992106645e-6
-0.07999999999999985	0.9400000000000002	1.6408700263846628e-6
-0.07999999999999985	0.9600000000000002	3.1421872569624594e-7
-0.07999999999999985	1.0000000000000002	8.074277208605617e-9
-0.07999999999999985	1.0200000000000002	1.0398709079448377e-9
-0.07999999999999985	1.0400000000000003	1.1733506855442197e-10
-0.07999999999999985	1.0600000000000003	1.1599756295231703e-11
-0.07999999999999985	1.0800000000000003	1.004714174044084e-12
-0.07999999999999985	1.1199999999999999	5.259058598275413e-15
-0.05999999999999983	0.3800000000000001	6.149525102199111e-10
-0.05999999999999983	0.40000000000000013	5.150212719068405e-9
-0.05999999999999983	0.42000000000000015	3.633198107334811e-8
-0.05999999999999983	0.44000000000000017	2.3204325681874727e-7
-0.05999999999999983	0.4600000000000002	1.2523315471953203e-6
-0.05999999999999983	0.48	5.915079073565762e-6
-0.05999999999999983	0.5	0.000024453880063923518
-0.05999999999999983	0.52	0.00008846409293246347
-0.05999999999999983	0.54	0.00028014900152697315
-0.05999999999999983	0.56	0.0007762263385785813
-0.05999999999999983	0.5800000000000001	0.0018829692346316177
-0.05999999999999983	0.6000000000000001	0.003995991845667419
-0.05999999999999983	0.6200000000000001	0.007425235181520149
-0.05999999999999983	0.6400000000000001	0.011795218952165275
-0.05999999999999983	0.6600000000000001	0.016797479043756253
-0.05999999999999983	0.6800000000000002	0.020947447068243176
-0.05999999999999983	0.7000000000000002	0.022379211795217988
-0.05999999999999983	0.72	0.021386595122141007
-0.05999999999999983	0.74	0.0175388289847817
-0.05999999999999983	0.76	0.012860550601057735
-0.05999999999999983	0.78	0.008095874537298363
-0.05999999999999983	0.8	0.0044651968166588675
-0.05999999999999983	0.8200000000000001	0.0021980801166529007
-0.05999999999999983	0.8400000000000001	0.000947703388505783
-0.05999999999999983	0.8600000000000001	0.0003515338593527713
-0.05999999999999983	0.8800000000000001	0.00011424429482435196
-0.05999999999999983	0.9000000000000001	0.000032529284511913764
-0.05999999999999983	0.9200000000000002	8.248699853399308e-6
-0.05999999999999983	0.9400000000000002	1.8321244274214008e-6
-0.05999999999999983	0.9600000000000002	3.5084302452018866e-7
-0.05999999999999983	0.9800000000000002	5.886313085224941e-8
-0.05999999999999983	1.0000000000000002	8.65259746639312e-9
-0.05999999999999983	1.0200000000000002	1.1143516813950521e-9
-0.05999999999999983	1.0400000000000003	1.2573919505896963e-10
-0.05999999999999983	1.0600000000000003	1.2430589059281566e-11
-0.05999999999999983	1.0800000000000003	1.1073636899868908e-12
-0.05999999999999983	1.1000000000000003	8.403429746219335e-14
-0.05999999999999983	1.1199999999999999	5.587216480899014e-15
-0.040000000000000036	0.28	3.3542872824684815e-15
-0.040000000000000036	0.30000000000000004	5.4043356140296404e-14
-0.040000000000000036	0.32000000000000006	7.596077925002088e-13
-0.040000000000000036	0.3400000000000001	9.044541770642793e-12
-0.040000000000000036	0.3600000000000001	9.697085297758912e-11
-0.040000000000000036	0.3800000000000001	9.069768772004487e-10
-0.040000000000000036	0.40000000000000013	7.225828381152723e-9
-0.040000000000000036	0.42000000000000015	5.034408198879746e-8
-0.040000000000000036	0.44000000000000017	3.072459193346156e-7
-0.040000000000000036	0.4600000000000002	1.639528170641548e-6
-0.040000000000000036	0.48	7.664776175578116e-6
-0.040000000000000036	0.5	0.000030724643827836584
-0.040000000000000036	0.52	0.00011218316895536804
-0.040000000000000036	0.54	0.00034519169992634465
-0.040000000000000036	0.56	0.0009306055021458884
-0.040000000000000036	0.5800000000000001	0.0022384651390472635
-0.040000000000000036	0.6000000000000001	0.0047086806566815995
-0.040000000000000036	0.6200000000000001	0.00853733651571091
-0.040000000000000036	0.6400000000000001	0.013561826798664443
-0.040000000000000036	0.6600000000000001	0.01918098168655486
-0.040000000000000036	0.6800000000000002	0.02372232275149468
-0.040000000000000036	0.7000000000000002	0.02534375112158917
-0.040000000000000036	0.72	0.023722322751494676
-0.040000000000000036	0.74	0.01945432451889094
-0.040000000000000036	0.76	0.014174485775917352
-0.040000000000000036	0.78	0.008923012865647362
-0.040000000000000036	0.8	0.004921396503754437
-0.040000000000000036	0.8200000000000001	0.00240675639282234
-0.040000000000000036	0.8400000000000001	0.001018953187609828
-0.040000000000000036	0.8600000000000001	0.00037796271585041987
-0.040000000000000036	0.8800000000000001	0.0001242937347885215
-0.040000000000000036	0.9000000000000001	0.00003539070610222135
-0.040000000000000036	0.9200000000000002	8.828803435092393e-6
-0.040000000000000036	0.9400000000000002	1.9296880101817854e-6
-0.040000000000000036	0.9600000000000002	3.6952598182721765e-7
-0.040000000000000036	0.9800000000000002	6.199768757366245e-8
-0.040000000000000036	1.0000000000000002	9.113362246541195e-9
-0.040000000000000036	1.0200000000000002	1.1852220697032408e-9
-0.040000000000000036	1.0400000000000003	1.3373593946934498e-10
-0.040000000000000036	1.0600000000000003	1.3349757990388843e-11
-0.040000000000000036	1.0800000000000003	1.1562907643598925e-12
-0.040000000000000036	1.1000000000000003	8.774721703775244e-14
-0.040000000000000036	1.1199999999999999	5.834078608283958e-15
-0.020000000000000018	0.28	5.156510867209861e-15
-0.020000000000000018	0.30000000000000004	8.027076846759278e-14
-0.020000000000000018	0.32000000000000006	1.0577697089494563e-12
-0.020000000000000018	0.3400000000000001	1.2416481145495396e-11
-0.020000000000000018	0.3600000000000001	1.2730611944389879e-10
-0.020000000000000018	0.3800000000000001	1.1447189003912035e-9
-0.020000000000000018	0.40000000000000013	8.888389565543085e-9
-0.020000000000000018	0.42000000000000015	6.12692513103138e-8
-0.020000000000000018	0.44000000000000017	3.690514470407545e-7
-0.020000000000000018	0.4600000000000002	1.927209959563181e-6
-0.020000000000000018	0.48	8.817465736097365e-6
-0.020000000000000018	0.5	0.000035738354414127965
-0.020000000000000018	0.52	0.00012551469113098503
-0.020000000000000018	0.54	0.00038621327959163174
-0.020000000000000018	0.56	0.0010411959588439421
-0.020000000000000018	0.5800000000000001	0.002459293577565199
-0.020000000000000018	0.6000000000000001	0.005178017347278938
-0.020000000000000018	0.6200000000000001	0.009388293622159365
-0.020000000000000018	0.6400000000000001	0.014913598849527029
-0.020000000000000018	0.6600000000000001	0.02075634501062317
-0.020000000000000018	0.6800000000000002	0.02530998776160278
-0.020000000000000018	0.7000000000000002	0.027039933544454987
-0.020000000000000018	0.72	0.025309987761602776
-0.020000000000000018	0.74	0.02091338758172162
-0.020000000000000018	0.76	0.01502643518494454
-0.020000000000000018	0.78	0.009459325480990778
-0.020000000000000018	0.8	0.00521719424268093
-0.020000000000000018	0.8200000000000001	0.0025210791115025887
-0.020000000000000018	0.8400000000000001	0.0010673542218660854
-0.020000000000000018	0.8600000000000001	0.0003959162259624754
-0.020000000000000018	0.8800000000000001	0.00012936717651945828
-0.020000000000000018	0.9000000000000001	0.00003683528965690999
-0.020000000000000018	0.9200000000000002	9.189178958911414e-6
-0.020000000000000018	0.9400000000000002	2.008454326884731e-6
-0.020000000000000018	0.9600000000000002	3.84609353004835e-7
-0.020000000000000018	0.9800000000000002	6.487705206980394e-8
-0.020000000000000018	1.0000000000000002	9.53661499547621e-9
-0.020000000000000018	1.0200000000000002	1.228202628898691e-9
-0.020000000000000018	1.0400000000000003	1.3858570189771464e-10
-0.020000000000000018	1.0600000000000003	1.3700595975460708e-11
-0.020000000000000018	1.0800000000000003	1.1866786352274612e-12
-0.020000000000000018	1.1000000000000003	9.005325560739185e-14
-0.020000000000000018	1.1199999999999999	5.9874009670229565e-15
0.	0.28	6.013382943346167e-15
0.	0.30000000000000004	9.070455700063031e-14
0.	0.32000000000000006	1.1952611727852235e-12
0.	0.3400000000000001	1.3799684200387399e-11
0.	0.3600000000000001	1.3958800947804765e-10
0.	0.3800000000000001	1.2370854846931457e-9
0.	0.40000000000000013	9.605587633849348e-9
0.	0.42000000000000015	6.534626902500747e-8
0.	0.44000000000000017	3.894845947523608e-7
0.	0.4600000000000002	2.0339131471290184e-6
0.	0.48	9.305659404683114e-6
0.	0.5	0.000037302207428187754
0.	0.52	0.0001310070125109638
0.	0.54	0.00040311335267167607
0.	0.56	0.0010867570224451608
0.	0.5800000000000001	0.0025669083163180513
0.	0.6000000000000001	0.005319692834605983
0.	0.6200000000000001	0.009645166279178904
0.	0.6400000000000001	0.015321649121107738
0.	0.6600000000000001	0.021324258383113828
0.	0.6800000000000002	0.02600249313767128
0.	0.7000000000000002	0.027779771885130828
0.	0.72	0.026002493137671275
0.	0.74	0.021324258383113803
0.	0.76	0.015321649121107707
0.	0.78	0.009645166279178876
0.	0.8	0.005319692834605965
0.	0.8200000000000001	0.0025706090019074067
0.	0.8400000000000001	0.001088323788981589
0.	0.8600000000000001	0.0004036945170886603
0.	0.8800000000000001	0.00013119588398729227
0.	0.9000000000000001	0.00003735598564091246
0.	0.9200000000000002	9.319075279118237e-6
0.	0.9400000000000002	2.0368454190086688e-6
0.	0.9600000000000002	3.900461107277876e-7
0.	0.9800000000000002	6.544047807585689e-8
0.	1.0000000000000002	9.619435911759284e-9
0.	1.0200000000000002	1.2388689782432877e-9
0.	1.0400000000000003	1.3978925209035076e-10
0.	1.0600000000000003	1.381957906462286e-11
0.	1.0800000000000003	1.1969843686506631e-12
0.	1.1000000000000003	9.083532483711497e-14
0.	1.1199999999999999	6.039398665837288e-15
0.020000000000000018	0.28	5.156510867209862e-15
0.020000000000000018	0.30000000000000004	8.027076846759278e-14
0.020000000000000018	0.32000000000000006	1.0577697089494563e-12
0.020000000000000018	0.3400000000000001	1.2416481145495396e-11
0.020000000000000018	0.3600000000000001	1.2730611944389879e-10
0.020000000000000018	0.3800000000000001	1.1447189003912035e-9
0.020000000000000018	0.40000000000000013	8.888389565543085e-9
0.020000000000000018	0.42000000000000015	6.12692513103138e-8
0.020000000000000018	0.44000000000000017	3.690514470407545e-7
0.020000000000000018	0.4600000000000002	1.9272099595631814e-6
0.020000000000000018	0.48	8.817465736097365e-6
0.020000000000000018	0.5	0.000035738354414127965
0.020000000000000018	0.52	0.00012551469113098503
0.020000000000000018	0.54	0.00038621327959163174
0.020000000000000018	0.56	0.0010411959588439421
0.020000000000000018	0.5800000000000001	0.002459293577565199
0.020000000000000018	0.6000000000000001	0.005178017347278938
0.020000000000000018	0.6200000000000001	0.009388293622159365
0.020000000000000018	0.6400000000000001	0.014913598849527029
0.020000000000000018	0.6600000000000001	0.02075634501062317
0.020000000000000018	0.6800000000000002	0.02530998776160278
0.020000000000000018	0.7000000000000002	0.027039933544454987
0.020000000000000018	0.72	0.025309987761602776
0.020000000000000018	0.74	0.02091338758172162
0.020000000000000018	0.76	0.01502643518494454
0.020000000000000018	0.78	0.009459325480990778
0.020000000000000018	0.8	0.00521719424268093
0.020000000000000018	0.8200000000000001	0.0025210791115025887
0.020000000000000018	0.8400000000000001	0.0010673542218660854
0.020000000000000018	0.8600000000000001	0.0003959162259624754
0.020000000000000018	0.8800000000000001	0.00012936717651945828
0.020000000000000018	0.9000000000000001	0.00003683528965690999
0.020000000000000018	0.9200000000000002	9.189178958911414e-6
0.020000000000000018	0.9400000000000002	2.008454326884731e-6
0.020000000000000018	0.9600000000000002	3.84609353004835e-7
0.020000000000000018	0.9800000000000002	6.487705206980394e-8
0.020000000000000018	1.0000000000000002	9.53661499547621e-9
0.020000000000000018	1.0200000000000002	1.228202628898691e-9
0.020000000000000018	1.0400000000000003	1.3858570189771464e-10
0.020000000000000018	1.0600000000000003	1.3700595975460708e-11
0.020000000000000018	1.0800000000000003	1.1866786352274612e-12
0.020000000000000018	1.1000000000000003	9.005325560739185e-14
0.020000000000000018	1.1199999999999999	5.9874009670229565e-15
0.040000000000000036	0.28	3.354287282468481e-15
0.040000000000000036	0.30000000000000004	5.4043356140296404e-14
0.040000000000000036	0.32000000000000006	7.596077925002088e-13
0.040000000000000036	0.3400000000000001	9.044541770642793e-12
0.040000000000000036	0.3600000000000001	9.697085297758912e-11
0.040000000000000036	0.3800000000000001	9.069768772004487e-10
0.040000000000000036	0.40000000000000013	7.225828381152723e-9
0.040000000000000036	0.42000000000000015	5.034408198879746e-8
0.040000000000000036	0.44000000000000017	3.072459193346156e-7
0.040000000000000036	0.4600000000000002	1.639528170641548e-6
0.040000000000000036	0.48	7.664776175578116e-6
0.040000000000000036	0.5	0.000030724643827836584
0.040000000000000036	0.52	0.00011218316895536804
0.040000000000000036	0.54	0.00034519169992634465
0.040000000000000036	0.56	0.0009306055021458884
0.040000000000000036	0.5800000000000001	0.0022384651390472635
0.040000000000000036	0.6000000000000001	0.0047086806566815995
0.040000000000000036	0.6200000000000001	0.00853733651571091
0.040000000000000036	0.6400000000000001	0.013561826798664443
0.040000000000000036	0.6600000000000001	0.01918098168655486
0.040000000000000036	0.6800000000000002	0.02372232275149468
0.040000000000000036	0.7000000000000002	0.02534375112158917
0.040000000000000036	0.72	0.023722322751494676
0.040000000000000036	0.74	0.01945432451889094
0.040000000000000036	0.76	0.014174485775917352
0.040000000000000036	0.78	0.008923012865647362
0.040000000000000036	0.8	0.004921396503754437
0.040000000000000036	0.8200000000000001	0.00240675639282234
0.040000000000000036	0.8400000000000001	0.001018953187609828
0.040000000000000036	0.8600000000000001	0.00037796271585041987
0.040000000000000036	0.8800000000000001	0.0001242937347885215
0.040000000000000036	0.9000000000000001	0.00003539070610222135
0.040000000000000036	0.9200000000000002	8.828803435092393e-6
0.040000000000000036	0.9400000000000002	1.9296880101817854e-6
0.040000000000000036	0.9600000000000002	3.6952598182721765e-7
0.040000000000000036	0.9800000000000002	6.199768757366245e-8
0.040000000000000036	1.0000000000000002	9.113362246541195e-9
0.040000000000000036	1.0200000000000002	1.1852220697032408e-9
0.040000000000000036	1.0400000000000003	1.3373593946934498e-10
0.040000000000000036	1.0600000000000003	1.3349757990388843e-11
0.040000000000000036	1.0800000000000003	1.1562907643598925e-12
0.040000000000000036	1.1000000000000003	8.774721703775244e-14
0.040000000000000036	1.1199999999999999	5.834078608283958e-15
0.06000000000000005	0.3800000000000001	6.149525102199111e-10
0.06000000000000005	0.40000000000000013	5.150212719068405e-9
0.06000000000000005	0.42000000000000015	3.633198107334811e-8
0.06000000000000005	0.44000000000000017	2.3204325681874727e-7
0.06000000000000005	0.4600000000000002	1.2523315471953203e-6
0.06000000000000005	0.48	5.915079073565762e-6
0.06000000000000005	0.5	0.000024453880063923518
0.06000000000000005	0.52	0.00008846409293246347
0.06000000000000005	0.54	0.00028014900152697315
0.06000000000000005	0.56	0.0007762263385785813
0.06000000000000005	0.5800000000000001	0.0018829692346316177
0.06000000000000005	0.6000000000000001	0.003995991845667419
0.06000000000000005	0.6200000000000001	0.007425235181520149
0.06000000000000005	0.6400000000000001	0.011795218952165275
0.06000000000000005	0.6600000000000001	0.016797479043756253
0.06000000000000005	0.6800000000000002	0.020947447068243176
0.06000000000000005	0.7000000000000002	0.022379211795217988
0.06000000000000005	0.72	0.021386595122141007
0.06000000000000005	0.74	0.0175388289847817
0.06000000000000005	0.76	0.012860550601057735
0.06000000000000005	0.78	0.008095874537298363
0.06000000000000005	0.8	0.0044651968166588675
0.06000000000000005	0.8200000000000001	0.0021980801166529007
0.06000000000000005	0.8400000000000001	0.000947703388505783
0.06000000000000005	0.8600000000000001	0.0003515338593527713
0.06000000000000005	0.8800000000000001	0.00011424429482435196
0.06000000000000005	0.9000000000000001	0.000032529284511913764
0.06000000000000005	0.9200000000000002	8.248699853399308e-6
0.06000000000000005	0.9400000000000002	1.8321244274214008e-6
0.06000000000000005	0.9600000000000002	3.5084302452018866e-7
0.06000000000000005	0.9800000000000002	5.886313085224941e-8
0.06000000000000005	1.0000000000000002	8.65259746639312e-9
0.06000000000000005	1.0200000000000002	1.1143516813950521e-9
0.06000000000000005	1.0400000000000003	1.2573919505896963e-10
0.06000000000000005	1.0600000000000003	1.2430589059281566e-11
0.06000000000000005	1.0800000000000003	1.1073636899868908e-12
0.06000000000000005	1.1000000000000003	8.403429746219335e-14
0.06000000000000005	1.1199999999999999	5.587216480899014e-15
0.08000000000000007	0.6600000000000001	0.013959231646712868
0.08000000000000007	0.7000000000000002	0.019278129939419634
0.08000000000000007	0.72	0.018044764497335736
0.08000000000000007	0.76	0.011223096899395964
0.08000000000000007	0.78	0.007065077323359623
0.08000000000000007	0.8	0.003896671153730792
0.08000000000000007	0.8200000000000001	0.0019789577334814166
0.08000000000000007	0.8400000000000001	0.0008378352278152065
0.08000000000000007	0.8600000000000001	0.0003107802026538715
0.08000000000000007	0.9000000000000001	0.00003009375015511093
0.08000000000000007	0.9200000000000002	7.5073891992106645e-6
0.08000000000000007	0.9400000000000002	1.6408700263846628e-6
0.08000000000000007	0.9600000000000002	3.1421872569624594e-7
0.08000000000000007	1.0000000000000002	8.074277208605617e-9
0.08000000000000007	1.0200000000000002	1.0398709079448377e-9
0.08000000000000007	1.0400000000000003	1.1733506855442197e-10
0.08000000000000007	1.0600000000000003	1.1599756295231703e-11
0.08000000000000007	1.0800000000000003	1.004714174044084e-12
0.08000000000000007	1.1199999999999999	5.259058598275413e-15
0.10000000000000009	0.28	2.8827217933149163e-15
0.10000000000000009	0.30000000000000004	5.741654353478049e-14
0.10000000000000009	0.32000000000000006	9.781763935190136e-13
0.10000000000000009	1.0400000000000003	1.0761536323747275e-10
0.10000000000000009	1.0600000000000003	1.0638865281768111e-11
0.1200000000000001	0.30000000000000004	1.8411543049898637e-14
0.1200000000000001	0.32000000000000006	3.0797421954746695e-13
0.1200000000000001	0.3400000000000001	4.867975200356561e-12
0.1200000000000001	0.3600000000000001	6.468794257360417e-11
0.1200000000000001	0.3800000000000001	6.324421393071289e-10
0.1200000000000001	0.40000000000000013	5.408083435448072e-9
0.1200000000000001	0.42000000000000015	3.9838560528045536e-8
0.1200000000000001	0.44000000000000017	2.5511376943634286e-7
0.1200000000000001	0.4600000000000002	1.3317350226829797e-6
0.14000000000000012	0.3800000000000001	2.5407470830564565e-10
0.14000000000000012	0.40000000000000013	2.2509702480879433e-9
0.14000000000000012	0.42000000000000015	1.8709600629471507e-8
0.14000000000000012	0.44000000000000017	1.339150118627033e-7
0.14000000000000012	0.4600000000000002	7.126755128333306e-7
0.14000000000000012	0.48	3.5668001803494296e-6
0.14000000000000012	0.5	0.000015386106814114863
0.14000000000000012	0.52	0.00005412607976273495
0.14000000000000012	0.54	0.00016610449178583328
0.14000000000000012	0.56	0.0004446856903092783
0.14000000000000012	0.5800000000000001	0.0010385368392034594
0.14000000000000012	0.6000000000000001	0.0019947853504443374
0.14000000000000012	0.6200000000000001	0.003553451763333354
0.14000000000000012	0.6400000000000001	0.005522041058724985
0.16000000000000014	0.30000000000000004	1.2540741641439685e-14
0.16000000000000014	0.32000000000000006	2.60042060610018e-13
0.16000000000000014	0.3400000000000001	4.478220067733934e-12
0.16000000000000014	0.5	7.964985910644759e-6
0.16000000000000014	0.52	0.00002857427458265086
0.16000000000000014	0.54	0.00009639384482872087
0.16000000000000014	0.56	0.0002625570656898498
0.16000000000000014	0.5800000000000001	0.0006238714179436977
0.16000000000000014	0.6000000000000001	0.0012931932866381295
0.16000000000000014	0.6200000000000001	0.00233845365354364
0.16000000000000014	0.6400000000000001	0.0036888506001465995
0.16000000000000014	0.6600000000000001	0.00507633577242189
0.16000000000000014	0.6800000000000002	0.005745331950862116
0.16000000000000014	0.7000000000000002	0.006030591378302049
0.16000000000000014	0.72	0.005233819735058352
0.16000000000000014	0.74	0.003967630386674193
0.16000000000000014	0.76	0.002776761121105151
0.16000000000000014	0.8	0.0008192005827139481
0.16000000000000014	0.8400000000000001	0.0001417930124533007
0.18000000000000016	0.3400000000000001	1.1034123300732992e-12
0.18000000000000016	0.3600000000000001	1.7894494025786033e-11
0.18000000000000016	0.3800000000000001	2.1294242614805053e-10
0.18000000000000016	0.40000000000000013	2.2019455604250706e-9
0.18000000000000016	0.42000000000000015	1.5586682346931375e-8
0.18000000000000016	0.44000000000000017	1.1701029459364681e-7
0.18000000000000016	0.6400000000000001	0.0023307887615216316
0.18000000000000016	0.6600000000000001	0.003256797976511404
0.18000000000000016	0.6800000000000002	0.003969846152490024
0.18000000000000016	0.7000000000000002	0.00422135120749097
0.18000000000000016	0.72	0.0036888506001465965
0.18000000000000016	0.74	0.0029911683896685403
0.18000000000000016	0.76	0.001994785350444331
0.18000000000000016	0.78	0.0011669828428024199
0.18000000000000016	0.8	0.0005961848504991774
0.18000000000000016	0.8200000000000001	0.00028182779161513424
0.18000000000000016	0.8400000000000001	0.00011037962910416821
0.18000000000000016	0.8600000000000001	0.00003777017620643335
0.18000000000000016	0.8800000000000001	0.000011329529656431923
0.18000000000000016	0.9000000000000001	2.9697989438861345e-6
0.18000000000000016	0.9200000000000002	7.154183067577195e-7
0.18000000000000016	0.9400000000000002	1.3699916816962946e-7
0.18000000000000016	0.9800000000000002	3.7078457276932038e-9
0.18000000000000016	1.0000000000000002	4.775264464869142e-10
0.18000000000000016	1.0200000000000002	5.887599046576508e-11
0.18000000000000016	1.0400000000000003	5.8204861467013e-12
0.20000000000000018	0.30000000000000004	6.547447827486369e-15
0.20000000000000018	0.32000000000000006	1.3713743174463206e-13
0.20000000000000018	0.44000000000000017	4.690615526800189e-8
0.20000000000000018	0.4600000000000002	2.858615958322552e-7
0.20000000000000018	0.48	1.5002089200851135e-6
0.20000000000000018	0.5	5.606461469333095e-6
0.20000000000000018	0.52	0.000022007769478006698
0.20000000000000018	0.54	0.00006789657297150575
0.20000000000000018	0.8200000000000001	0.00019985197039226738
0.20000000000000018	0.8400000000000001	0.00008349093063139134
0.20000000000000018	0.8600000000000001	0.00002713355268756701
0.20000000000000018	0.8800000000000001	8.663734040475057e-6
0.20000000000000018	0.9000000000000001	2.413228886843264e-6
0.20000000000000018	0.9200000000000002	5.27452998925788e-7
0.20000000000000018	0.9400000000000002	1.1229094909905494e-7
0.20000000000000018	0.9600000000000002	1.883975558408344e-8
0.20000000000000018	0.9800000000000002	3.0655177424670553e-9
0.20000000000000018	1.0000000000000002	3.9480223874190375e-10
0.20000000000000018	1.0200000000000002	4.682366564165769e-11
0.20000000000000018	1.0400000000000003	4.853966708641447e-12
0.20000000000000018	1.0600000000000003	4.204268631501245e-13
0.20000000000000018	1.0800000000000003	3.5012798485324466e-14
0.20000000000000018	1.1000000000000003	2.3279076596982473e-15
0.21999999999999997	0.3600000000000001	9.566276392172451e-12
0.21999999999999997	0.3800000000000001	1.2796025435325567e-10
0.21999999999999997	0.40000000000000013	1.2567403499150842e-9
0.21999999999999997	0.54	0.000032276562597606116
0.21999999999999997	0.56	0.00008934110874303755
0.21999999999999997	0.5800000000000001	0.0001950417680824978
0.21999999999999997	0.6000000000000001	0.00044340713037378863
0.21999999999999997	0.6200000000000001	0.0007334951179190363
0.21999999999999997	0.6400000000000001	0.0010584948515605344
0.21999999999999997	0.6600000000000001	0.001440317502481329
0.21999999999999997	1.0000000000000002	3.208123462646373e-10
0.21999999999999997	1.0200000000000002	3.6199241996741196e-11
0.21999999999999997	1.0400000000000003	3.978538964073757e-12
0.21999999999999997	1.0600000000000003	3.4460159226230767e-13
0.21999999999999997	1.0800000000000003	2.8947362660895134e-14
0.21999999999999997	1.1000000000000003	1.924632996548557e-15
0.24	0.30000000000000004	2.058989912737715e-15
0.24	0.32000000000000006	5.207564746716522e-14
0.24	0.3400000000000001	1.0500255959779635e-12
0.24	0.42000000000000015	3.43919535140409e-9
0.24	0.44000000000000017	2.645635131724598e-8
0.24	0.4600000000000002	1.6941243849557784e-7
0.24	0.48	7.38581890686064e-7
0.24	0.6200000000000001	0.0003917065494764556
0.24	0.6400000000000001	0.0005739885020905297
0.24	0.6600000000000001	0.0008039440687265748
0.24	0.6800000000000002	0.0008944133684531022
0.24	0.7000000000000002	0.00086805590496135
0.24	0.72	0.0007349437109010858
0.24	0.74	0.0005428219852334079
0.24	0.76	0.00034975002148121467
0.24	0.78	0.00018195265071931625
0.24	0.8	0.000089425292280672
0.26	0.30000000000000004	3.4142508456399418e-15
0.26	0.3600000000000001	4.585867817799325e-12
0.26	0.3800000000000001	6.008694027744855e-11
0.26	0.40000000000000013	6.634833621664619e-10
0.26	0.5	1.4053458184860164e-6
0.26	0.52	5.3150552495834066e-6
0.26	0.54	0.000013828279222430186
0.26	0.56	0.000039118656502996037
0.26	0.5800000000000001	0.00008534013852932646
0.26	0.74	0.0003600275799587684
0.26	0.76	0.00023453259171416377
0.26	0.78	0.0001233061078611216
0.26	0.8	0.00006124996320561359
0.26	0.8200000000000001	0.00002654141327580352
0.26	0.8400000000000001	9.286297074832847e-6
0.26	0.8600000000000001	3.069463305122786e-6
0.26	0.8800000000000001	8.850692890629648e-7
0.26	0.9000000000000001	1.9344723300740756e-7
0.26	0.9200000000000002	4.2632905446290054e-8
0.28	0.3400000000000001	3.97244871644326e-13
0.28	0.3600000000000001	5.528181669716234e-12
0.28	0.42000000000000015	1.7028217312314639e-9
0.28	0.44000000000000017	1.2421416148601132e-8
0.28	0.4600000000000002	6.672123231751162e-8
0.28	0.48	3.4941264828630034e-7
0.28	0.5800000000000001	0.00004432871688028804
0.28	0.6000000000000001	0.00008648646531588628
0.28	0.6200000000000001	0.00013087961454756657
0.28	0.6400000000000001	0.00019082878201345457
0.28	0.6600000000000001	0.0002437622210943734
0.28	0.8800000000000001	5.657670122151391e-7
0.28	0.9000000000000001	1.4417183742028808e-7
0.28	0.9200000000000002	3.204927412954108e-8
0.28	0.9400000000000002	5.377107381247738e-9
0.28	0.9600000000000002	9.13595721528833e-10
0.28	0.9800000000000002	1.354111284720606e-10
0.28	1.0000000000000002	1.5279275457087514e-11
0.28	1.0200000000000002	1.730894683660087e-12
0.28	1.0600000000000003	1.2980749673031537e-14
0.30000000000000004	0.30000000000000004	1.0998200582366344e-15
0.30000000000000004	0.32000000000000006	2.5740646683275723e-14
0.30000000000000004	0.3800000000000001	2.169220532113329e-11
0.30000000000000004	0.40000000000000013	2.327785744380683e-10
0.30000000000000004	0.42000000000000015	1.7822942963520824e-9
0.30000000000000004	0.5	4.828191415410247e-7
0.30000000000000004	0.52	1.9632272859379156e-6
0.30000000000000004	0.54	5.202493565117365e-6
0.30000000000000004	0.56	0.00001364639590964621
0.30000000000000004	0.6800000000000002	0.00014648364541711384
0.30000000000000004	0.7000000000000002	0.00012924400573550125
0.30000000000000004	0.72	0.00009947790561532426
0.30000000000000004	0.74	0.0000667940548908032
0.30000000000000004	0.76	0.000039124061943199464
0.30000000000000004	0.78	0.000019991483334899955
0.30000000000000004	1.0000000000000002	1.148619083073964e-11
0.30000000000000004	1.0200000000000002	1.312499862006963e-12
0.30000000000000004	1.0400000000000003	1.1368232066490661e-13
0.30000000000000004	1.0600000000000003	9.928502575600417e-15
0.32000000000000006	0.30000000000000004	1.6436717175942064e-15
0.32000000000000006	0.3600000000000001	1.8741291608405878e-12
0.32000000000000006	0.3800000000000001	2.2020575460413725e-11
0.32000000000000006	0.44000000000000017	4.008486445680325e-9
0.32000000000000006	0.4600000000000002	2.3729232426863526e-8
0.32000000000000006	0.48	1.0215950987006314e-7
0.32000000000000006	0.5800000000000001	0.00001315713784265337
0.32000000000000006	0.6000000000000001	0.000023159407527854053
0.32000000000000006	0.6200000000000001	0.00003587184866536469
0.32000000000000006	0.6400000000000001	0.00004757302794864262
0.32000000000000006	0.78	0.000013664991788118485
0.32000000000000006	0.8	6.144135215035571e-6
0.32000000000000006	0.8200000000000001	2.4099448664939455e-6
0.32000000000000006	0.8400000000000001	8.246096298773204e-7
0.32000000000000006	0.8600000000000001	2.4614139071563e-7
0.3400000000000001	0.3400000000000001	1.3103439783680195e-13
0.3400000000000001	0.3600000000000001	2.0044344344524517e-12
0.3400000000000001	0.42000000000000015	5.792270997085215e-10
0.3400000000000001	0.44000000000000017	3.532769890954714e-9
0.3400000000000001	0.52	5.141591408967361e-7
0.3400000000000001	0.54	1.4506291968318278e-6
0.3400000000000001	0.6400000000000001	0.000023159407527854093
0.3400000000000001	0.6600000000000001	0.000030823808755753455
0.3400000000000001	0.6800000000000002	0.000028031821333384252
0.3400000000000001	0.7000000000000002	0.00002507213416301172
0.3400000000000001	0.72	0.000019229438806267555
0.3400000000000001	0.8800000000000001	3.7414932635059676e-8
0.3400000000000001	0.9000000000000001	8.610019879921806e-9
0.3400000000000001	0.9200000000000002	1.728455860720464e-9
0.3400000000000001	0.9400000000000002	3.0269649037318e-10
0.3400000000000001	0.9600000000000002	3.898370914743869e-11
0.3400000000000001	0.9800000000000002	5.21794904075203e-12
0.3400000000000001	1.0000000000000002	6.092723386847345e-13
0.3600000000000001	0.32000000000000006	9.500150358594662e-15
0.3600000000000001	0.3800000000000001	7.039662935156129e-12
0.3600000000000001	0.40000000000000013	5.624028768330184e-11
0.3600000000000001	0.4600000000000002	6.9768640426667484e-9
0.3600000000000001	0.48	3.3148918258812454e-8
0.3600000000000001	0.5	1.1340058629088221e-7
0.3600000000000001	0.5800000000000001	3.2597469599475555e-6
0.3600000000000001	0.6000000000000001	6.027073763666838e-6
0.3600000000000001	0.6200000000000001	8.348250843420427e-6
0.3600000000000001	0.74	5.927036326805922e-6
0.3600000000000001	0.76	3.5413908161205373e-6
0.3600000000000001	0.78	1.8153301978788026e-6
0.3600000000000001	0.8	7.307486828247819e-7
0.3600000000000001	0.8200000000000001	2.566110791061973e-7
0.3600000000000001	0.9800000000000002	3.6922033448658195e-12
0.3600000000000001	1.0000000000000002	4.348631374717444e-13
0.3600000000000001	1.0200000000000002	4.468014060307735e-14
0.3600000000000001	1.0400000000000003	3.3906333213219934e-15
0.3800000000000001	0.32000000000000006	8.13474896236579e-15
0.3800000000000001	0.3600000000000001	5.528653101355464e-13
0.3800000000000001	0.3800000000000001	5.6763001019276814e-12
0.3800000000000001	0.44000000000000017	1.0634072371522503e-9
0.3800000000000001	0.4600000000000002	5.215760923597443e-9
0.3800000000000001	0.52	1.5213638092077845e-7
0.3800000000000001	0.54	3.4215851986230687e-7
0.3800000000000001	0.56	8.814608887587238e-7
0.3800000000000001	0.6400000000000001	5.247799726896446e-6
0.3800000000000001	0.6600000000000001	5.6544391857454345e-6
0.3800000000000001	0.6800000000000002	5.2024935651173505e-6
0.3800000000000001	0.7000000000000002	3.6951539652048752e-6
0.3800000000000001	0.8200000000000001	1.67982090256088e-7
0.3800000000000001	0.8400000000000001	5.1906369151186597e-8
0.3800000000000001	0.8600000000000001	1.39917898558107e-8
0.3800000000000001	0.8800000000000001	3.290189024271802e-9
0.3800000000000001	0.9000000000000001	6.749372186050069e-10
0.40000000000000013	0.3600000000000001	4.904074273604902e-13
0.40000000000000013	0.42000000000000015	1.1600597468864998e-10
0.40000000000000013	0.5	2.5464453094628937e-8
0.40000000000000013	0.52	8.056390745924988e-8
0.40000000000000013	0.5800000000000001	6.972975293143092e-7
0.40000000000000013	0.6000000000000001	1.0333745631378109e-6
0.40000000000000013	0.6200000000000001	1.5182075714569482e-6
0.40000000000000013	0.72	1.3865574116358888e-6
0.40000000000000013	0.74	8.626484003904056e-7
0.40000000000000013	0.76	4.5904377217275034e-7
0.40000000000000013	0.78	1.896411478848254e-7
0.40000000000000013	0.9200000000000002	6.607920490808825e-11
0.40000000000000013	0.9400000000000002	1.0450336518216408e-11
0.40000000000000013	0.9600000000000002	1.4417524408573017e-12
0.40000000000000013	0.9800000000000002	1.7351861306830255e-13
0.40000000000000013	1.0000000000000002	1.821781941531413e-14
0.42000000000000015	0.3400000000000001	3.626788581524759e-14
0.42000000000000015	0.40000000000000013	1.0832661055238744e-11
0.42000000000000015	0.4600000000000002	1.0981389784956822e-9
0.42000000000000015	0.48	4.428824916602494e-9
0.42000000000000015	0.54	7.057310515029553e-8
0.42000000000000015	0.56	1.731057442787226e-7
0.42000000000000015	0.5800000000000001	2.581918675733701e-7
0.42000000000000015	0.6600000000000001	7.847431349995893e-7
0.42000000000000015	0.6800000000000002	6.668919189267619e-7
0.42000000000000015	0.7000000000000002	4.828191415410239e-7
0.42000000000000015	0.8	4.2477744522027864e-8
0.42000000000000015	0.8200000000000001	1.3470545564739383e-8
0.42000000000000015	0.8400000000000001	3.726523588816221e-9
0.42000000000000015	0.8600000000000001	8.993267609728217e-10
0.42000000000000015	1.0000000000000002	1.2345406455531462e-14
0.42000000000000015	1.0200000000000002	1.1405281962381595e-15
0.44000000000000017	0.32000000000000006	2.295940153325686e-15
0.44000000000000017	0.3400000000000001	3.075844545212353e-14
0.44000000000000017	0.3800000000000001	1.333618386488689e-12
0.44000000000000017	0.44000000000000017	1.356195242096603e-10
0.44000000000000017	0.4600000000000002	5.607414811567027e-10
0.44000000000000017	0.52	1.5327928107721303e-8
0.44000000000000017	0.54	3.282311275499916e-8
0.44000000000000017	0.6200000000000001	2.4584361579857697e-7
0.44000000000000017	0.6400000000000001	2.421024421693319e-7
0.44000000000000017	0.72	1.5533668724048834e-7
0.44000000000000017	0.74	9.934732258754954e-8
0.44000000000000017	0.76	4.2121197507920584e-8
0.44000000000000017	0.8800000000000001	1.1972704601794516e-10
0.44000000000000017	0.9000000000000001	2.2179470331767082e-11
0.44000000000000017	0.9200000000000002	3.584305563600321e-12
0.44000000000000017	0.9400000000000002	5.053052784098241e-13
0.44000000000000017	0.9600000000000002	6.214376994492071e-14
0.4600000000000002	0.32000000000000006	2.3830833565068374e-15
0.4600000000000002	0.3600000000000001	1.1464029350421785e-13
0.4600000000000002	0.3800000000000001	7.456776062201392e-13
0.4600000000000002	0.42000000000000015	1.781371999476808e-11
0.4600000000000002	0.44000000000000017	7.757559269720176e-11
0.4600000000000002	0.48	7.804248834965474e-10
0.4600000000000002	0.5	2.4986299501172273e-9
0.4600000000000002	0.56	2.5494477188854787e-8
0.4600000000000002	0.5800000000000001	4.13978841237316e-8
0.4600000000000002	0.6000000000000001	5.788580778469127e-8
0.4600000000000002	0.6600000000000001	9.844637392819379e-8
0.4600000000000002	0.6800000000000002	8.714130923814202e-8
0.4600000000000002	0.7000000000000002	5.801575713300106e-8
0.4600000000000002	0.8	2.9919430281893566e-9
0.4600000000000002	0.8200000000000001	9.740509363195232e-10
0.4600000000000002	0.8400000000000001	2.7093301765331836e-10
0.4600000000000002	0.8600000000000001	5.82852841284164e-11
0.4600000000000002	0.9600000000000002	3.998291586748803e-14
0.4600000000000002	0.9800000000000002	4.326817052160059e-15
0.48	0.32000000000000006	1.6176547674434476e-15
0.48	0.3600000000000001	7.723565583310124e-14
0.48	0.40000000000000013	1.6467585747073426e-12
0.48	0.42000000000000015	9.632645461003407e-12
0.48	0.48	3.656179318762484e-10
0.48	0.54	5.229277496348078e-9
0.48	0.56	8.821400171975502e-9
0.48	0.6400000000000001	2.7855939729385026e-8
0.48	0.6600000000000001	2.5524873153099105e-8
0.48	0.74	8.007048223287023e-9
0.48	0.76	3.5368048843047933e-9
0.48	0.78	1.3301136083385222e-9
0.48	0.8800000000000001	6.681832552650457e-12
0.48	0.9000000000000001	1.1034123300732845e-12
0.48	0.9200000000000002	1.5895530623386955e-13
0.48	0.9400000000000002	1.9975937944471106e-14
0.5	0.3400000000000001	5.46830590649744e-15
0.5	0.3600000000000001	4.210747314001058e-14
0.5	0.40000000000000013	8.78423607819321e-13
0.5	0.4600000000000002	5.7899631964227284e-11
0.5	0.52	9.516388477855102e-10
0.5	0.54	1.6703304434156896e-9
0.5	0.6000000000000001	8.066912574234082e-9
0.5	0.6200000000000001	7.355175832416246e-9
0.5	0.6800000000000002	7.864595206710835e-9
0.5	0.7000000000000002	5.48418451409206e-9
0.5	0.72	2.427914440629472e-9
0.5	0.8	2.1997016010152694e-10
0.5	0.8200000000000001	5.5671364831772685e-11
0.5	0.8400000000000001	1.6104593970142444e-11
0.5	0.9600000000000002	1.361099040382909e-15
0.52	0.3400000000000001	2.9725452298624966e-15
0.52	0.3800000000000001	1.0738922048231955e-13
0.52	0.40000000000000013	6.026708640612897e-13
0.52	0.44000000000000017	6.885246592645503e-12
0.52	0.5	1.6444763736894702e-10
0.52	0.52	3.5838440956349943e-10
0.52	0.56	1.2001456984119668e-9
0.52	0.5800000000000001	1.589273920774229e-9
0.52	0.6600000000000001	2.5333139157446503e-9
0.52	0.6800000000000002	1.5251741529399152e-9
0.52	0.74	6.913108416595083e-10
0.52	0.76	2.339172616137053e-10
0.52	0.78	9.284682449520471e-11
0.52	0.8800000000000001	3.048798307018201e-13
0.52	0.9000000000000001	4.488014804909953e-14
0.52	0.9200000000000002	5.7633476832473425e-15
0.54	0.3400000000000001	1.7261895185149238e-15
0.54	0.3800000000000001	4.669335151646611e-14
0.54	0.42000000000000015	7.348881600233072e-13
0.54	0.44000000000000017	3.0449973402740687e-12
0.54	0.48	2.502685715514318e-11
0.54	0.5	4.7482628137055645e-11
0.54	0.54	2.575020465028451e-10
0.54	0.56	3.5299364857132437e-10
0.54	0.6200000000000001	8.757394780630316e-10
0.54	0.6400000000000001	6.415442052848741e-10
0.54	0.7000000000000002	4.956633364073563e-10
0.54	0.72	1.9561018218490976e-10
0.54	0.74	9.253379811055475e-11
0.54	0.8200000000000001	2.983015071290257e-12
0.54	0.8400000000000001	7.826496792094993e-13
0.54	0.8600000000000001	1.3379228730161762e-13
0.56	0.3400000000000001	1.081375311637231e-15
0.56	0.3800000000000001	2.6728909211337507e-14
0.56	0.42000000000000015	4.0332947167257355e-13
0.56	0.48	8.719369078088227e-12
0.56	0.54	6.09989510714912e-11
0.56	0.6000000000000001	2.0135595793589156e-10
0.56	0.6800000000000002	1.286326835614043e-10
0.56	0.7000000000000002	7.252110423286189e-11
0.56	0.76	1.4718932804121065e-11
0.56	0.78	5.298771099646565e-12
0.56	0.8	1.2110431889575008e-12
0.56	0.8800000000000001	1.1373433360235358e-14
0.56	0.9000000000000001	1.492452490999695e-15
0.5800000000000001	0.3600000000000001	2.2010115460804045e-15
0.5800000000000001	0.42000000000000015	1.1351792697772086e-13
0.5800000000000001	0.4600000000000002	1.2225663069884964e-12
0.5800000000000001	0.52	1.1716931940389519e-11
0.5800000000000001	0.5800000000000001	4.320273056233125e-11
0.5800000000000001	0.6600000000000001	3.115107366879446e-11
0.5800000000000001	0.72	1.2884848694185031e-11
0.5800000000000001	0.74	5.528181669716225e-12
0.5800000000000001	0.76	1.4736099237288185e-12
0.5800000000000001	0.8400000000000001	3.109673762784099e-14
0.5800000000000001	0.8600000000000001	4.738728618601725e-15
0.6000000000000001	0.3600000000000001	1.4087411125764066e-15
0.6000000000000001	0.40000000000000013	1.6363070758080574e-14
0.6000000000000001	0.44000000000000017	1.4946142331189185e-13
0.6000000000000001	0.5	1.6467585747073204e-12
0.6000000000000001	0.56	8.64997922281109e-12
0.6000000000000001	0.6200000000000001	1.4774405787382308e-11
0.6000000000000001	0.6400000000000001	8.65812221461617e-12
0.6000000000000001	0.7000000000000002	4.535447460561233e-12
0.6000000000000001	0.72	1.410055249341009e-12
0.6000000000000001	0.78	2.472367631770626e-13
0.6000000000000001	0.8	5.037103368929701e-14
0.6200000000000001	0.40000000000000013	4.964298253354355e-15
0.6200000000000001	0.44000000000000017	4.148313591548152e-14
0.6200000000000001	0.48	2.725938033132544e-13
0.6200000000000001	0.5	3.7273926891792243e-13
0.6200000000000001	0.54	1.616129238994578e-12
0.6200000000000001	0.56	1.596698913212219e-12
0.6200000000000001	0.6000000000000001	3.0622124148940327e-12
0.6200000000000001	0.6200000000000001	2.204932925460136e-12
0.6200000000000001	0.6800000000000002	1.0610122740575976e-12
0.6200000000000001	0.76	7.732101615184987e-14
0.6200000000000001	0.78	1.8674707746273513e-14
0.6200000000000001	0.8400000000000001	1.010164339941724e-15
0.6400000000000001	0.44000000000000017	1.3020087060993508e-14
0.6400000000000001	0.48	5.960322683303494e-14
0.6400000000000001	0.52	2.8176968500890806e-13
0.6400000000000001	0.54	2.8817919959084527e-13
0.6400000000000001	0.5800000000000001	5.922673042995478e-13
0.6400000000000001	0.6000000000000001	4.414680216891629e-13
0.6400000000000001	0.6600000000000001	2.8634016058602176e-13
0.6400000000000001	0.72	9.26123195350018e-14
0.6400000000000001	0.74	2.2293865022577452e-14
0.6600000000000001	0.42000000000000015	1.8011441115027973e-15
0.6600000000000001	0.4600000000000002	8.893885856610216e-15
0.6600000000000001	0.52	4.853548653408445e-14
0.6600000000000001	0.5800000000000001	8.248220713079135e-14
0.6600000000000001	0.6400000000000001	7.068956056388669e-14
0.6600000000000001	0.7000000000000002	2.0928958022480198e-14
0.6600000000000001	0.72	7.450648093192661e-15
0.6800000000000002	0.4600000000000002	2.130038666540732e-15
0.6800000000000002	0.5	7.628045937306246e-15
0.6800000000000002	0.52	7.199236287613212e-15
0.6800000000000002	0.56	1.8390128106865636e-14
0.6800000000000002	0.6200000000000001	1.7211460417301353e-14
0.6800000000000002	0.6800000000000002	6.5552781524356166e-15
0.7000000000000002	0.5	1.427694027464451e-15
0.7000000000000002	0.54	3.707886827450852e-15
0.7000000000000002	0.56	2.6174524000563905e-15
0.7000000000000002	0.6000000000000001	3.810517363148493e-15
0.7000000000000002	0.6600000000000001	1.312486944233925e-15