-0.64	0.08000000000000007	1.0541879774053314e-15
-0.62	-0.05999999999999994	1.6154465407082712e-15
-0.62	-0.040000000000000036	2.227753574477903e-15
-0.62	-0.020000000000000018	3.0601191607969643e-15
-0.62	0.	4.362037918162177e-15
-0.62	0.020000000000000018	6.170251141719858e-15
-0.62	0.040000000000000036	8.29839568523487e-15
-0.62	0.06000000000000005	1.1113349530094197e-14
-0.62	0.14000000000000012	2.4879733733161416e-15
-0.62	0.15999999999999992	3.2320611332710327e-15
-0.6	-0.05999999999999994	1.839454123292323e-14
-0.6	-0.040000000000000036	2.5438989808063195e-14
-0.6	-0.020000000000000018	3.6541692049203223e-14
-0.6	0.	5.2088248181458785e-14
-0.6	0.020000000000000018	7.368060040781249e-14
-0.6	0.040000000000000036	1.034257948184959e-13
-0.6	0.06000000000000005	1.381710353906022e-13
-0.6	0.14000000000000012	3.758667342586902e-14
-0.6	0.15999999999999992	4.874540569417169e-14
-0.6	0.21999999999999997	7.563309369550627e-15
-0.5800000000000001	-0.16000000000000003	2.7309716173218914e-15
-0.5800000000000001	-0.14	3.893982619374323e-15
-0.5800000000000001	-0.05999999999999994	1.7882843404871921e-13
-0.5800000000000001	-0.040000000000000036	2.588588749623715e-13
-0.5800000000000001	-0.020000000000000018	3.718363568855233e-13
-0.5800000000000001	0.	5.300330486684437e-13
-0.5800000000000001	0.020000000000000018	7.497497924258375e-13
-0.5800000000000001	0.040000000000000036	1.0524272029197854e-12
-0.5800000000000001	0.06000000000000005	1.4659868760933608e-12
-0.5800000000000001	0.14000000000000012	4.836445575622262e-13
-0.5800000000000001	0.15999999999999992	6.261697581468186e-13
-0.5800000000000001	0.21999999999999997	1.1341296841933949e-13
-0.5800000000000001	0.28	1.6002432733197743e-14
-0.5800000000000001	0.32000000000000006	1.403260108097671e-15
-0.56	-0.16000000000000003	2.5074872708019217e-14
-0.56	-0.14	3.5812975853559504e-14
-0.56	-0.05999999999999994	1.4782556130620247e-12
-0.56	-0.040000000000000036	2.244600938913695e-12
-0.56	-0.020000000000000018	3.2242442369759096e-12
-0.56	0.	4.595989528539118e-12
-0.56	0.020000000000000018	6.501183659528819e-12
-0.56	0.040000000000000036	9.12574115202909e-12
-0.56	0.06000000000000005	1.3232071935266953e-11
-0.56	0.14000000000000012	5.3005748489184414e-12
-0.56	0.15999999999999992	6.8510125882945564e-12
-0.56	0.21999999999999997	1.4970148101908517e-12
-0.56	0.26	1.9772526040648857e-13
-0.56	0.3400000000000001	1.878803796399795e-15
-0.54	-0.21999999999999997	6.308326797912146e-15
-0.54	-0.19999999999999996	9.207392187402468e-15
-0.54	-0.16000000000000003	1.8595293763079014e-13
-0.54	-0.14	2.805375908397162e-13
-0.54	-0.05999999999999994	1.0433342927492143e-11
-0.54	-0.040000000000000036	1.513158394124998e-11
-0.54	-0.020000000000000018	2.3824121543668877e-11
-0.54	0.	3.396002445647341e-11
-0.54	0.020000000000000018	4.803761076970973e-11
-0.54	0.040000000000000036	7.330853201058748e-11
-0.54	0.06000000000000005	1.0191969534545441e-10
-0.54	0.14000000000000012	4.947933909471747e-11
-0.54	0.15999999999999992	6.613584881421561e-11
-0.54	0.19999999999999996	1.3315965246959067e-11
-0.54	0.21999999999999997	1.6837005606014376e-11
-0.54	0.26	2.5964138334362568e-12
-0.54	0.30000000000000004	3.332530779612289e-13
-0.54	0.3400000000000001	3.365570878610509e-14
-0.54	0.3800000000000001	2.846730708120555e-15
-0.52	-0.26	2.3139032851573026e-15
-0.52	-0.21999999999999997	4.633810505232937e-14
-0.52	-0.19999999999999996	6.799683628142137e-14
-0.52	-0.16000000000000003	1.2382930213654232e-12
-0.52	-0.14	1.7805141495850716e-12
-0.52	-0.05999999999999994	6.261134212574031e-11
-0.52	-0.040000000000000036	9.527659723601749e-11
-0.52	-0.020000000000000018	1.4365678260521268e-10
-0.52	0.	2.138305933355867e-10
-0.52	0.020000000000000018	3.1614967023834994e-10
-0.52	0.040000000000000036	4.615899766643637e-10
-0.52	0.06000000000000005	6.678540979799559e-10
-0.52	0.14000000000000012	4.082444897453729e-10
-0.52	0.15999999999999992	5.248166188050112e-10
-0.52	0.19999999999999996	1.2780773138112782e-10
-0.52	0.21999999999999997	1.610369761998439e-10
-0.52	0.26	2.992030516369239e-11
-0.52	0.30000000000000004	4.476441456493201e-12
-0.52	0.3400000000000001	5.274743287852339e-13
-0.52	0.3800000000000001	5.3425077794660404e-14
-0.52	0.40000000000000013	3.7931853757216e-15
-0.5	-0.26	1.6884978397494978e-14
-0.5	-0.19999999999999996	4.5074690383239947e-13
-0.5	-0.14	1.011592564358013e-11
-0.5	-0.05999999999999994	3.208140031987647e-10
-0.5	-0.040000000000000036	5.112119152078948e-10
-0.5	-0.020000000000000018	7.70798507699567e-10
-0.5	0.	1.1473200168803074e-9
-0.5	0.020000000000000018	1.6963187509156145e-9
-0.5	0.040000000000000036	2.4766868555015186e-9
-0.5	0.06000000000000005	3.734470876907528e-9
-0.5	0.14000000000000012	2.7638957426992156e-9
-0.5	0.19999999999999996	1.0095836263392973e-9
-0.5	0.26	2.843414898237501e-10
-0.5	0.30000000000000004	5.114110511178585e-11
-0.5	0.3400000000000001	7.222720464428053e-12
-0.5	0.3600000000000001	7.102929692165403e-13
-0.5	0.40000000000000013	6.730958772416679e-14
-0.48	-0.28	8.42985840971895e-15
-0.48	-0.24	1.482553066290233e-13
-0.48	-0.19999999999999996	2.28096670014818e-12
-0.48	-0.14	4.895196216955324e-11
-0.48	-0.05999999999999994	1.397653095378357e-9
-0.48	-0.040000000000000036	2.131455459262909e-9
-0.48	-0.020000000000000018	3.36396753331534e-9
-0.48	0.	5.245805488071078e-9
-0.48	0.020000000000000018	8.08271795087223e-9
-0.48	0.040000000000000036	1.2305167194010058e-8
-0.48	0.06000000000000005	1.776553284188605e-8
-0.48	0.14000000000000012	1.5937759142873123e-8
-0.48	0.19999999999999996	7.254554452031616e-9
-0.48	0.24	1.9170395084925137e-9
-0.48	0.28	4.0650098037275986e-10
-0.48	0.32000000000000006	6.959601963604217e-11
-0.48	0.3600000000000001	9.667808275196862e-12
-0.48	0.40000000000000013	1.0674719907163818e-12
-0.48	0.41999999999999993	8.804835807890027e-14
-0.45999999999999996	-0.31999999999999995	2.71380084608889e-15
-0.45999999999999996	-0.28	4.9445843946305505e-14
-0.45999999999999996	-0.24	7.430607515330213e-13
-0.45999999999999996	-0.19999999999999996	9.817108642882876e-12
-0.45999999999999996	-0.14	1.9194185095391381e-10
-0.45999999999999996	-0.12	3.202021293780012e-10
-0.45999999999999996	-0.05999999999999994	5.199074929756633e-9
-0.45999999999999996	-0.040000000000000036	8.304562483454972e-9
-0.45999999999999996	-0.020000000000000018	1.3106667770759784e-8
-0.45999999999999996	0.	2.0438672205143108e-8
-0.45999999999999996	0.020000000000000018	3.1491831540488306e-8
-0.45999999999999996	0.040000000000000036	4.794330999877217e-8
-0.45999999999999996	0.06000000000000005	7.211788187030979e-8
-0.45999999999999996	0.1200000000000001	5.6475104426902846e-8
-0.45999999999999996	0.14000000000000012	8.119207318563245e-8
-0.45999999999999996	0.19999999999999996	4.4336116615179626e-8
-0.45999999999999996	0.24	1.3643550197570332e-8
-0.45999999999999996	0.28	3.3738467584706493e-9
-0.45999999999999996	0.32000000000000006	6.911908205138251e-10
-0.45999999999999996	0.3600000000000001	1.1173522769443906e-10
-0.45999999999999996	0.3800000000000001	1.2440736198433077e-11
-0.45999999999999996	0.41999999999999993	1.3878209403364174e-12
-0.45999999999999996	0.43999999999999995	1.1101601999587756e-13
-0.45999999999999996	0.48	8.410265855143378e-15
-0.43999999999999995	-0.33999999999999997	1.37644970207977e-15
-0.43999999999999995	-0.31999999999999995	1.5703142265974994e-14
-0.43999999999999995	-0.28	2.307114299270402e-13
-0.43999999999999995	-0.24	3.1675017019084314e-12
-0.43999999999999995	-0.19999999999999996	3.794051136310983e-11
-0.43999999999999995	-0.17999999999999994	5.902603007857184e-11
-0.43999999999999995	-0.14	6.378753458217267e-10
-0.43999999999999995	-0.12	1.0715936057888047e-9
-0.43999999999999995	-0.05999999999999994	1.5695512501947298e-8
-0.43999999999999995	-0.040000000000000036	2.63693378939205e-8
-0.43999999999999995	-0.020000000000000018	4.166357903261017e-8
-0.43999999999999995	0.	6.785878146656045e-8
-0.43999999999999995	0.020000000000000018	1.0925695252458771e-7
-0.43999999999999995	0.040000000000000036	1.6611975700499236e-7
-0.43999999999999995	0.06000000000000005	2.5943795553295715e-7
-0.43999999999999995	0.1200000000000001	2.4569992039187303e-7
-0.43999999999999995	0.14000000000000012	3.5141180813882117e-7
-0.43999999999999995	0.17999999999999994	1.7213954347857212e-7
-0.43999999999999995	0.19999999999999996	2.2312144473222597e-7
-0.43999999999999995	0.24	8.258519191561996e-8
-0.43999999999999995	0.28	2.4455889208587453e-8
-0.43999999999999995	0.32000000000000006	5.67922154089863e-9
-0.43999999999999995	0.3400000000000001	9.209915446961989e-10
-0.43999999999999995	0.3800000000000001	1.464255420440448e-10
-0.43999999999999995	0.43999999999999995	1.7393147013669425e-12
-0.43999999999999995	0.45999999999999996	1.3830385123885193e-13
-0.42000000000000004	-0.33999999999999997	7.454849967311027e-15
-0.42000000000000004	-0.29999999999999993	1.1175910134710635e-13
-0.42000000000000004	-0.28	9.155305666069158e-13
-0.42000000000000004	-0.24	1.0815710349361242e-11
-0.42000000000000004	-0.17999999999999994	1.953129532034076e-10
-0.42000000000000004	-0.14	1.9063582494895533e-9
-0.42000000000000004	-0.12	3.2102720984473627e-9
-0.42000000000000004	-0.05999999999999994	4.229039128765875e-8
-0.42000000000000004	-0.040000000000000036	7.110096124137198e-8
-0.42000000000000004	-0.020000000000000018	1.178753066778421e-7
-0.42000000000000004	0.	1.9198721909835771e-7
-0.42000000000000004	0.020000000000000018	3.0911162901876504e-7
-0.42000000000000004	0.040000000000000036	4.89134003688297e-7
-0.42000000000000004	0.06000000000000005	7.633453795760952e-7
-0.42000000000000004	0.1200000000000001	8.771176952487519e-7
-0.42000000000000004	0.14000000000000012	1.2514865263158944e-6
-0.42000000000000004	0.17999999999999994	7.402253830288698e-7
-0.42000000000000004	0.24	4.376693156861564e-7
-0.42000000000000004	0.28	1.50648920146062e-7
-0.42000000000000004	0.30000000000000004	3.391907636099189e-8
-0.42000000000000004	0.3400000000000001	7.71947784500582e-9
-0.42000000000000004	0.40000000000000013	1.8483774408681498e-10
-0.42000000000000004	0.45999999999999996	2.1985548640331536e-12
-0.42000000000000004	0.48	1.7372599336074182e-13
-0.4	-0.36	3.4784153348773576e-15
-0.4	-0.29999999999999993	4.1465637427894953e-13
-0.4	-0.26	5.0219062323323295e-12
-0.4	-0.21999999999999997	5.3170761670395994e-11
-0.4	-0.17999999999999994	5.19657423646305e-10
-0.4	-0.14	4.363908216081002e-9
-0.4	-0.12	7.384124195069012e-9
-0.4	-0.05999999999999994	9.264009466289389e-8
-0.4	-0.040000000000000036	1.6390321319556523e-7
-0.4	-0.020000000000000018	2.841855422634483e-7
-0.4	0.	4.628619301600881e-7
-0.4	0.020000000000000018	7.452371356514876e-7
-0.4	0.040000000000000036	1.2303691706010299e-6
-0.4	0.06000000000000005	1.9926390328944917e-6
-0.4	0.1200000000000001	2.864819562654298e-6
-0.4	0.14000000000000012	4.067986667061125e-6
-0.4	0.17999999999999994	2.796612640594616e-6
-0.4	0.21999999999999997	1.515177117267621e-6
-0.4	0.26	6.34342887584067e-7
-0.4	0.30000000000000004	2.12947648284373e-7
-0.4	0.3600000000000001	1.0312815073492941e-8
-0.4	0.41999999999999993	2.4061087369769504e-10
-0.4	0.5	2.110328951745637e-13
-0.4	0.52	1.4078822252597657e-14
-0.38	-0.38	1.5951963740295593e-15
-0.38	-0.36	1.4864091453730068e-14
-0.38	-0.31999999999999995	1.957209960440677e-13
-0.38	-0.29999999999999993	1.3869275961608097e-12
-0.38	-0.26	1.4521769714773797e-11
-0.38	-0.21999999999999997	1.321875356327046e-10
-0.38	-0.17999999999999994	1.1145486126920209e-9
-0.38	-0.12	1.5256195647745646e-8
-0.38	-0.05999999999999994	1.7284647574671975e-7
-0.38	-0.040000000000000036	3.066999939663991e-7
-0.38	-0.020000000000000018	5.333099243335869e-7
-0.38	0.	9.543456530250834e-7
-0.38	0.020000000000000018	1.666472242990875e-6
-0.38	0.040000000000000036	2.7433906313944957e-6
-0.38	0.06000000000000005	4.430374485828697e-6
-0.38	0.1200000000000001	7.689818969792602e-6
-0.38	0.17999999999999994	9.280759884654834e-6
-0.38	0.21999999999999997	5.831754246865831e-6
-0.38	0.26	2.836420673113256e-6
-0.38	0.30000000000000004	1.1058579689e-6
-0.38	0.32000000000000006	2.877853573470289e-7
-0.38	0.3600000000000001	7.456886808886275e-8
-0.38	0.3800000000000001	1.3541186689365475e-8
-0.38	0.43999999999999995	3.0784353067091477e-10
-0.38	0.45999999999999996	3.334922862707605e-11
-0.38	0.52	2.5776258195599273e-13
-0.38	0.54	1.651367215425866e-14
-0.36	-0.38	6.3098040023825455e-15
-0.36	-0.31999999999999995	5.748344686255569e-13
-0.36	-0.28	5.762450855118478e-12
-0.36	-0.26	3.330120130363139e-11
-0.36	-0.21999999999999997	2.7953366427605846e-10
-0.36	-0.17999999999999994	2.0206621897677963e-9
-0.36	-0.12	2.539727768453619e-8
-0.36	-0.040000000000000036	5.369312452779559e-7
-0.36	-0.020000000000000018	9.336510186658056e-7
-0.36	0.	1.670746690528139e-6
-0.36	0.020000000000000018	2.9174471283108895e-6
-0.36	0.040000000000000036	4.802778535952311e-6
-0.36	0.1200000000000001	0.000018176441473601914
-0.36	0.17999999999999994	0.000026128503182654497
-0.36	0.21999999999999997	0.000019073468502738885
-0.36	0.26	0.0000110497928444435
-0.36	0.28	4.202173642248126e-6
-0.36	0.32000000000000006	1.5566207168261854e-6
-0.36	0.3800000000000001	9.913247335718106e-8
-0.36	0.40000000000000013	1.7475371284962667e-8
-0.36	0.45999999999999996	3.7999821758968814e-10
-0.36	0.48	4.0904518282332213e-11
-0.36	0.5	3.6760890353720304e-12
-0.36	0.5800000000000001	1.0755444348495533e-15
-0.33999999999999997	-0.36	3.385560654159282e-14
-0.33999999999999997	-0.33999999999999997	2.4641000786559305e-13
-0.33999999999999997	-0.28	1.3134762961712907e-11
-0.33999999999999997	-0.24	1.0646888759698608e-10
-0.33999999999999997	-0.17999999999999994	3.1153475711740598e-9
-0.33999999999999997	-0.16000000000000003	5.824422291241986e-9
-0.33999999999999997	-0.12	3.59589258742383e-8
-0.33999999999999997	-0.040000000000000036	7.29226056802002e-7
-0.33999999999999997	-0.020000000000000018	1.3339935611134466e-6
-0.33999999999999997	0.	2.492461176432296e-6
-0.33999999999999997	0.020000000000000018	4.548689125923594e-6
-0.33999999999999997	0.040000000000000036	7.772522238676499e-6
-0.33999999999999997	0.1200000000000001	0.00003654098372555707
-0.33999999999999997	0.15999999999999992	0.00004450925138990422
-0.33999999999999997	0.17999999999999994	0.00006251676507251486
-0.33999999999999997	0.24	0.000029646039771440695
-0.33999999999999997	0.28	0.00001620736401100743
-0.33999999999999997	0.3400000000000001	2.0917073113746793e-6
-0.33999999999999997	0.3600000000000001	5.319008343537116e-7
-0.33999999999999997	0.41999999999999993	2.2596392340799473e-8
-0.33999999999999997	0.43999999999999995	3.3566888350465283e-9
-0.33999999999999997	0.52	4.349086595573649e-12
-0.33999999999999997	0.54	3.3083023664172413e-13
-0.31999999999999995	-0.38	1.4143713526641187e-14
-0.31999999999999995	-0.36	9.70893535939738e-14
-0.31999999999999995	-0.29999999999999993	5.0505442669879735e-12
-0.31999999999999995	-0.24	1.7849265945214283e-10
-0.31999999999999995	-0.19999999999999996	1.1557848743075574e-9
-0.31999999999999995	-0.16000000000000003	7.711696426559073e-9
-0.31999999999999995	-0.12	4.330169320884571e-8
-0.31999999999999995	-0.09999999999999998	8.157261968664977e-8
-0.31999999999999995	-0.040000000000000036	8.435483850182203e-7
-0.31999999999999995	-0.020000000000000018	1.695838181099696e-6
-0.31999999999999995	0.	3.168539152748646e-6
-0.31999999999999995	0.020000000000000018	5.782517186406589e-6
-0.31999999999999995	0.040000000000000036	0.00001071360682221134
-0.31999999999999995	0.10000000000000009	0.00004119825569138871
-0.31999999999999995	0.1200000000000001	0.00006247844807699949
-0.31999999999999995	0.15999999999999992	0.00009117720660120546
-0.31999999999999995	0.19999999999999996	0.00010281351946147814
-0.31999999999999995	0.24	0.00008375313692137697
-0.31999999999999995	0.30000000000000004	0.000023139607074261927
-0.31999999999999995	0.3600000000000001	2.8119143907263456e-6
-0.31999999999999995	0.3800000000000001	6.931342014563017e-7
-0.31999999999999995	0.43999999999999995	2.8121330427229423e-8
-0.31999999999999995	0.45999999999999996	4.148644738617303e-9
-0.31999999999999995	0.48	5.114773108185226e-10
-0.31999999999999995	0.5800000000000001	2.478081398165153e-14
-0.31999999999999995	0.6000000000000001	1.3386275411905505e-15
-0.29999999999999993	-0.4	5.388579614893357e-15
-0.29999999999999993	-0.38	3.7364845130588145e-14
-0.29999999999999993	-0.31999999999999995	1.8774508474708843e-12
-0.29999999999999993	-0.29999999999999993	8.426587895895244e-12
-0.29999999999999993	-0.26	6.124234596432742e-11
-0.29999999999999993	-0.24	2.2183841591075726e-10
-0.29999999999999993	-0.19999999999999996	1.334655455256213e-9
-0.29999999999999993	-0.16000000000000003	7.743316544979941e-9
-0.29999999999999993	-0.12	3.977790299408773e-8
-0.29999999999999993	-0.09999999999999998	8.432193143186819e-8
-0.29999999999999993	-0.040000000000000036	8.311169444627739e-7
-0.29999999999999993	-0.020000000000000018	1.6769180759219395e-6
-0.29999999999999993	0.	3.43243748759437e-6
-0.29999999999999993	0.020000000000000018	6.813166712244462e-6
-0.29999999999999993	0.040000000000000036	0.000012578062653427353
-0.29999999999999993	0.10000000000000009	0.00006034791093163623
-0.29999999999999993	0.1200000000000001	0.00009710575878715663
-0.29999999999999993	0.15999999999999992	0.00016861351618492246
-0.29999999999999993	0.19999999999999996	0.00021877331050132679
-0.29999999999999993	0.24	0.00021078154476427145
-0.29999999999999993	0.26	0.00012786902474385038
-0.29999999999999993	0.30000000000000004	0.00007823499010246431
-0.29999999999999993	0.32000000000000006	0.00003213480498732487
-0.29999999999999993	0.3800000000000001	3.692169149871848e-6
-0.29999999999999993	0.40000000000000013	9.009819727988368e-7
-0.29999999999999993	0.41999999999999993	1.8334262613919072e-7
-0.29999999999999993	0.5	6.084708903717549e-10
-0.29999999999999993	0.52	6.440265521818624e-11
-0.29999999999999993	0.54	5.630308916298657e-12
-0.29999999999999993	0.56	4.248112132402255e-13
-0.28	-0.42000000000000004	2.148272851342228e-15
-0.28	-0.36	1.3554337559060562e-13
-0.28	-0.33999999999999997	6.84210114628572e-13
-0.28	-0.28	2.174190638802538e-11
-0.28	-0.26	7.525504058435454e-11
-0.28	-0.21999999999999997	4.693566277885897e-10
-0.28	-0.19999999999999996	1.298013626155061e-9
-0.28	-0.16000000000000003	6.53793369906782e-9
-0.28	-0.12	3.268276521608153e-8
-0.28	-0.09999999999999998	7.387521153511684e-8
-0.28	-0.040000000000000036	6.974588565814168e-7
-0.28	-0.020000000000000018	1.5479904874347729e-6
-0.28	0.	3.1685391527486445e-6
-0.28	0.020000000000000018	6.28934556273017e-6
-0.28	0.040000000000000036	0.000012577552008460189
-0.28	0.10000000000000009	0.00007507101051538216
-0.28	0.1200000000000001	0.00012386588807205897
-0.28	0.15999999999999992	0.0002636685356121658
-0.28	0.19999999999999996	0.00039394933184385035
-0.28	0.21999999999999997	0.000342270693442142
-0.28	0.26	0.0003168207710920355
-0.28	0.28	0.00018456110995241184
-0.28	0.3400000000000001	0.000043460660844384044
-0.28	0.3600000000000001	0.000014653159887606627
-0.28	0.41999999999999993	1.1253686671661205e-6
-0.28	0.43999999999999995	2.2726001570784694e-7
-0.28	0.45999999999999996	3.840000979319523e-8
-0.28	0.48	5.599975335118651e-9
-0.28	0.5800000000000001	4.842257518984986e-13
-0.28	0.6000000000000001	3.055397370231502e-14
-0.28	0.6200000000000001	1.6217590290314105e-15
-0.26	-0.4	7.945597016981605e-15
-0.26	-0.38	4.7493572939344045e-14
-0.26	-0.36	2.408677080699934e-13
-0.26	-0.29999999999999993	7.0213204963732905e-12
-0.26	-0.28	2.4700331875767886e-11
-0.26	-0.21999999999999997	3.9894977296776027e-10
-0.26	-0.17999999999999994	1.9870155673684257e-9
-0.26	-0.14	9.987029937393024e-9
-0.26	-0.09999999999999998	4.697262999980643e-8
-0.26	-0.040000000000000036	4.985163067117029e-7
-0.26	-0.020000000000000018	1.1109972500875032e-6
-0.26	0.	2.4924611764322994e-6
-0.26	0.020000000000000018	5.3784210800633575e-6
-0.26	0.040000000000000036	0.000010712302020226872
-0.26	0.10000000000000009	0.00008797208629258754
-0.26	0.14000000000000012	0.00023882325194506658
-0.26	0.17999999999999994	0.0004624643825538212
-0.26	0.21999999999999997	0.0006385287218971769
-0.26	0.28	0.0004599684655962142
-0.26	0.30000000000000004	0.00026360146272957343
-0.26	0.3600000000000001	0.00005718770152461923
-0.26	0.3800000000000001	0.000019080172692278236
-0.26	0.40000000000000013	5.401288699541398e-6
-0.26	0.5	6.53188810872433e-9
-0.26	0.52	7.937809809347028e-10
-0.26	0.54	8.001908828302594e-11
-0.26	0.56	7.040924413360543e-12
-0.26	0.5800000000000001	5.207813919743747e-13
-0.24	-0.42000000000000004	3.3324109251853593e-15
-0.24	-0.33999999999999997	5.920022094714995e-13
-0.24	-0.31999999999999995	2.3400426066182075e-12
-0.24	-0.29999999999999993	7.774355048936258e-12
-0.24	-0.24	1.0961763325053833e-10
-0.24	-0.17999999999999994	1.2452410030171072e-9
-0.24	-0.14	6.190715031812535e-9
-0.24	-0.09999999999999998	2.6645360262505854e-8
-0.24	-0.040000000000000036	2.89921920409496e-7
-0.24	-0.020000000000000018	7.133573978915653e-7
-0.24	0.	1.6707466905281398e-6
-0.24	0.020000000000000018	3.767403847397027e-6
-0.24	0.040000000000000036	8.095978526480482e-6
-0.24	0.10000000000000009	0.00008441810557166449
-0.24	0.14000000000000012	0.00027172205629153205
-0.24	0.17999999999999994	0.0006354817935926175
-0.24	0.24	0.0010125161309727192
-0.24	0.30000000000000004	0.000644676206730188
-0.24	0.32000000000000006	0.00035707570928550413
-0.24	0.3400000000000001	0.00016748986069312267
-0.24	0.41999999999999993	6.485988951154017e-6
-0.24	0.43999999999999995	1.5232636943184712e-6
-0.24	0.45999999999999996	3.0389919324601797e-7
-0.24	0.48	5.020523458857206e-8
-0.24	0.6200000000000001	3.6158718243459866e-14
-0.24	0.6400000000000001	1.912353488697178e-15
-0.21999999999999997	-0.4	9.681460307907786e-15
-0.21999999999999997	-0.38	4.657663279490298e-14
-0.21999999999999997	-0.36	2.0375413921986266e-13
-0.21999999999999997	-0.28	1.1857671162466442e-11
-0.21999999999999997	-0.26	3.089264147002839e-11
-0.21999999999999997	-0.19999999999999996	3.295946178628775e-10
-0.21999999999999997	-0.17999999999999994	6.111010784478673e-10
-0.21999999999999997	-0.14	2.6980353399195007e-9
-0.21999999999999997	-0.09999999999999998	1.218453678285819e-8
-0.21999999999999997	-0.040000000000000036	1.363424947392269e-7
-0.21999999999999997	-0.020000000000000018	3.7151747767304104e-7
-0.21999999999999997	0.	9.60068795086727e-7
-0.21999999999999997	0.020000000000000018	2.3377153457793243e-6
-0.21999999999999997	0.040000000000000036	5.405412359386209e-6
-0.21999999999999997	0.10000000000000009	0.0000710623622086118
-0.21999999999999997	0.14000000000000012	0.00028441671912592836
-0.21999999999999997	0.17999999999999994	0.0007540553000304864
-0.21999999999999997	0.19999999999999996	0.001063520942727524
-0.21999999999999997	0.26	0.0015011612293481093
-0.21999999999999997	0.28	0.0011717037097938704
-0.21999999999999997	0.3600000000000001	0.0002138101861286887
-0.21999999999999997	0.3800000000000001	0.00008269283707891679
-0.21999999999999997	0.40000000000000013	0.000026757207787489212
-0.21999999999999997	0.54	9.705747882429856e-10
-0.21999999999999997	0.56	9.847167114081669e-11
-0.21999999999999997	0.5800000000000001	8.418428796296993e-12
-0.21999999999999997	0.6000000000000001	6.251840547359348e-13
-0.21999999999999997	0.6200000000000001	3.8754985243463734e-14
-0.21999999999999997	0.6400000000000001	2.0462162814431826e-15
-0.19999999999999996	-0.31999999999999995	1.165872822053552e-12
-0.19999999999999996	-0.29999999999999993	3.137801035109389e-12
-0.19999999999999996	-0.28	8.815332849857034e-12
-0.19999999999999996	-0.21999999999999997	7.77167411480367e-11
-0.19999999999999996	-0.19999999999999996	1.3935132312999025e-10
-0.19999999999999996	-0.16000000000000003	5.823211352027593e-10
-0.19999999999999996	-0.14	9.829860212231666e-10
-0.19999999999999996	-0.09999999999999998	4.1771266594139355e-9
-0.19999999999999996	-0.07999999999999996	1.2621420815069953e-8
-0.19999999999999996	-0.040000000000000036	5.453311128478245e-8
-0.19999999999999996	-0.020000000000000018	1.6479945828795013e-7
-0.19999999999999996	0.	4.6731565188523776e-7
-0.19999999999999996	0.020000000000000018	1.235507907119492e-6
-0.19999999999999996	0.040000000000000036	3.06949670096368e-6
-0.19999999999999996	0.08000000000000007	0.000028269478254188086
-0.19999999999999996	0.10000000000000009	0.00005376863305423396
-0.19999999999999996	0.14000000000000012	0.0002503613762012239
-0.19999999999999996	0.15999999999999992	0.0005508672867713876
-0.19999999999999996	0.19999999999999996	0.0012871602711857846
-0.19999999999999996	0.21999999999999997	0.0017245102797977102
-0.19999999999999996	0.28	0.002092968907693099
-0.19999999999999996	0.30000000000000004	0.0016332157504294236
-0.19999999999999996	0.32000000000000006	0.00102670855438886
-0.19999999999999996	0.43999999999999995	8.673267062336131e-6
-0.19999999999999996	0.45999999999999996	1.9874209801401193e-6
-0.19999999999999996	0.48	3.8732495647892734e-7
-0.19999999999999996	0.5	6.285804874931743e-8
-0.19999999999999996	0.52	8.869939079033618e-9
-0.19999999999999996	0.54	1.0541769462945384e-9
-0.17999999999999994	-0.42000000000000004	1.8621111516281904e-15
-0.17999999999999994	-0.4	7.803849969947826e-15
-0.17999999999999994	-0.38	3.206902905967161e-14
-0.17999999999999994	-0.36	1.1300010612476604e-13
-0.17999999999999994	-0.33999999999999997	3.6002209916119894e-13
-0.17999999999999994	-0.26	8.453134071937108e-12
-0.17999999999999994	-0.24	1.62158667650982e-11
-0.17999999999999994	-0.21999999999999997	2.961276916222651e-11
-0.17999999999999994	-0.16000000000000003	1.8436521603115548e-10
-0.17999999999999994	-0.12	7.62367293157612e-10
-0.17999999999999994	-0.07999999999999996	3.785855118967084e-9
-0.17999999999999994	-0.040000000000000036	1.7599842703181757e-8
-0.17999999999999994	-0.020000000000000018	5.964024106179133e-8
-0.17999999999999994	0.	1.9383454676333467e-7
-0.17999999999999994	0.020000000000000018	5.809156044128894e-7
-0.17999999999999994	0.040000000000000036	1.5371615795311703e-6
-0.17999999999999994	0.08000000000000007	0.000018531782145100185
-0.17999999999999994	0.1200000000000001	0.00012496529788656884
-0.17999999999999994	0.15999999999999992	0.0004945622565053924
-0.17999999999999994	0.21999999999999997	0.0020607018504982637
-0.17999999999999994	0.24	0.002686863864350588
-0.17999999999999994	0.26	0.0028498636582770277
-0.17999999999999994	0.3400000000000001	0.0012977392993714057
-0.17999999999999994	0.3600000000000001	0.0006843217322925308
-0.17999999999999994	0.3800000000000001	0.0003023943463989398
-0.17999999999999994	0.40000000000000013	0.00011353249249208006
-0.17999999999999994	0.41999999999999993	0.0000354044602631088
-0.17999999999999994	0.43999999999999995	9.605903940403868e-6
-0.17999999999999994	0.6400000000000001	4.4083214830248734e-14
-0.17999999999999994	0.6600000000000001	2.319174698293055e-15
-0.16000000000000003	-0.33999999999999997	1.4690073687854016e-13
-0.16000000000000003	-0.31999999999999995	4.0642067068187566e-13
-0.16000000000000003	-0.29999999999999993	9.469902987161375e-13
-0.16000000000000003	-0.28	1.872194964155847e-12
-0.16000000000000003	-0.19999999999999996	1.9026147829601935e-11
-0.16000000000000003	-0.17999999999999994	3.1083759669009097e-11
-0.16000000000000003	-0.12	1.7060356481771655e-10
-0.16000000000000003	-0.07999999999999996	8.520690080295387e-10
-0.16000000000000003	-0.040000000000000036	4.585044099078642e-9
-0.16000000000000003	-0.020000000000000018	1.8387427970477433e-8
-0.16000000000000003	0.	6.908529152449254e-8
-0.16000000000000003	0.020000000000000018	2.325911240990107e-7
-0.16000000000000003	0.040000000000000036	6.786190997401462e-7
-0.16000000000000003	0.08000000000000007	0.00001088578699061732
-0.16000000000000003	0.1200000000000001	0.00008615960468468966
-0.16000000000000003	0.17999999999999994	0.0008928770005693996
-0.16000000000000003	0.19999999999999996	0.0017159695757153024
-0.16000000000000003	0.28	0.003960744506568936
-0.16000000000000003	0.30000000000000004	0.0033896054223129294
-0.16000000000000003	0.32000000000000006	0.002461258727433701
-0.16000000000000003	0.3400000000000001	0.0015162955361612534
-0.16000000000000003	0.5	4.6648947239136483e-7
-0.16000000000000003	0.52	7.536095548055876e-8
-0.16000000000000003	0.54	1.0453550545872444e-8
-0.16000000000000003	0.56	1.224818491080307e-9
-0.16000000000000003	0.5800000000000001	1.2223171974546423e-10
-0.16000000000000003	0.6000000000000001	1.0389637308963062e-11
-0.16000000000000003	0.6200000000000001	7.521788698531906e-13
-0.16000000000000003	0.6400000000000001	4.638164507174949e-14
-0.16000000000000003	0.6600000000000001	2.435989681739449e-15
-0.14	-0.42000000000000004	1.31342690391246e-15
-0.14	-0.4	5.0850048199581576e-15
-0.14	-0.38	1.5445420325789157e-14
-0.14	-0.26	1.3979338460619766e-12
-0.14	-0.24	2.345058546882657e-12
-0.14	-0.21999999999999997	3.5631648558001265e-12
-0.14	-0.19999999999999996	4.803055809669335e-12
-0.14	-0.14	2.0659327640000063e-11
-0.14	-0.12	2.716183515611011e-11
-0.14	-0.07999999999999996	1.4361281717798034e-10
-0.14	-0.020000000000000018	4.580440467181711e-9
-0.14	0.	2.0808089935444256e-8
-0.14	0.020000000000000018	8.222225361330817e-8
-0.14	0.08000000000000007	5.695081434350235e-6
-0.14	0.1200000000000001	0.00005180208658675826
-0.14	0.14000000000000012	0.00018888649814894043
-0.14	0.19999999999999996	0.001477603638559491
-0.14	0.21999999999999997	0.002599325786955322
-0.14	0.24	0.0037915876055055094
-0.14	0.26	0.004603919014416106
-0.14	0.3800000000000001	0.000920581041725535
-0.14	0.40000000000000013	0.0003930722990596495
-0.14	0.41999999999999993	0.00014416798384399556
-0.14	0.43999999999999995	0.000044972152090265785
-0.14	0.45999999999999996	0.000011738277671553148
-0.14	0.48	2.6303691847540773e-6
-0.14	0.5	5.017807676416596e-7
-0.14	0.52	8.088704035267317e-8
-0.14	0.54	1.110575671162519e-8
-0.14	0.56	1.2987382843198496e-9
-0.14	0.5800000000000001	1.293598214637302e-10
-0.14	0.6000000000000001	1.0904563667480569e-11
-0.14	0.6200000000000001	7.881331195955122e-13
-0.14	0.6400000000000001	4.8517131490116286e-14
-0.12	-0.4	2.147433300450338e-15
-0.12	-0.38	6.534285754663567e-15
-0.12	-0.36	1.7098374043172064e-14
-0.12	-0.33999999999999997	4.4622077170966304e-14
-0.12	-0.31999999999999995	9.756973331199735e-14
-0.12	-0.29999999999999993	1.6899004679471117e-13
-0.12	-0.28	2.8788001849878543e-13
-0.12	-0.17999999999999994	1.9358139839346774e-12
-0.12	-0.16000000000000003	2.2292653047123954e-12
-0.12	-0.14	2.54284712066643e-12
-0.12	-0.09999999999999998	1.2498975961508088e-11
-0.12	-0.07999999999999996	1.6539588798727008e-11
-0.12	-0.020000000000000018	8.915049613488505e-10
-0.12	0.	5.397865387921685e-9
-0.12	0.020000000000000018	2.6937280832765006e-8
-0.12	0.08000000000000007	2.6904614077265368e-6
-0.12	0.10000000000000009	0.000016638200519940857
-0.12	0.14000000000000012	0.00011375623443471966
-0.12	0.15999999999999992	0.00036386967062510776
-0.12	0.17999999999999994	0.0009179048178550961
-0.12	0.28	0.005992008801424055
-0.12	0.30000000000000004	0.005906118095124979
-0.12	0.32000000000000006	0.004841812417660037
-0.12	0.3400000000000001	0.0034081788802437143
-0.12	0.3600000000000001	0.0020383401478228018
-0.12	0.3800000000000001	0.0010184564296067814
-0.12	0.40000000000000013	0.00043312929598802443
-0.12	0.41999999999999993	0.00015681039235425592
-0.12	0.43999999999999995	0.00004832483216055273
-0.12	0.45999999999999996	0.000012586155708876907
-0.09999999999999998	-0.31999999999999995	3.229107383448366e-14
-0.09999999999999998	-0.29999999999999993	6.110780984651133e-14
-0.09999999999999998	-0.28	9.84328024078583e-14
-0.09999999999999998	-0.26	1.349479386690652e-13
-0.09999999999999998	-0.24	1.835371148789676e-13
-0.09999999999999998	-0.21999999999999997	2.078799088627169e-13
-0.09999999999999998	-0.19999999999999996	2.3215117082900063e-13
-0.09999999999999998	-0.12	7.938627542218019e-13
-0.09999999999999998	-0.09999999999999998	1.0007404056373238e-12
-0.09999999999999998	-0.05999999999999994	8.78578887871399e-12
-0.09999999999999998	-0.020000000000000018	1.3957719413654058e-10
-0.09999999999999998	0.	1.195959159304192e-9
-0.09999999999999998	0.020000000000000018	7.752271537999555e-9
-0.09999999999999998	0.06000000000000005	4.944223087179387e-7
-0.09999999999999998	0.10000000000000009	8.179249390041222e-6
-0.09999999999999998	0.1200000000000001	0.00004184136582405087
-0.09999999999999998	0.19999999999999996	0.0014058932935871289
-0.09999999999999998	0.21999999999999997	0.0027525636996810956
-0.09999999999999998	0.24	0.0044494151432879075
-0.09999999999999998	0.26	0.00609290852382237
-0.09999999999999998	0.28	0.006935606530165208
-0.09999999999999998	0.30000000000000004	0.006707483847369765
-0.09999999999999998	0.32000000000000006	0.005511179971281617
-0.07999999999999996	-0.19999999999999996	5.4709236483041305e-14
-0.07999999999999996	-0.17999999999999994	4.9662383369616656e-14
-0.07999999999999996	-0.16000000000000003	4.858742191115929e-14
-0.07999999999999996	-0.14	4.16562583750056e-14
-0.07999999999999996	-0.12	4.1607614048942407e-14
-0.07999999999999996	-0.05999999999999994	4.5128080159232044e-13
-0.07999999999999996	0.06000000000000005	2.1566321939749919e-7
-0.07999999999999996	0.1200000000000001	0.0000197290802277148
-0.07999999999999996	0.14000000000000012	0.00008518027579258255
-0.07999999999999996	0.15999999999999992	0.0002839357883879029
-0.07999999999999996	0.17999999999999994	0.000783532864226907
-0.07999999999999996	0.19999999999999996	0.0017600961385068354
-0.07999999999999996	0.6600000000000001	5.3783174961498105e-14
-0.05999999999999994	-0.09999999999999998	4.9829477037405795e-15
-0.05999999999999994	-0.07999999999999996	6.00282979332791e-15
-0.05999999999999994	0.08000000000000007	9.05175694166741e-7
-0.05999999999999994	0.10000000000000009	6.027353070873163e-6
-0.05999999999999994	0.3800000000000001	0.002620053111084585
-0.05999999999999994	0.40000000000000013	0.0012860833274083506
-0.05999999999999994	0.41999999999999993	0.0005355679497666575
-0.05999999999999994	0.43999999999999995	0.00019075942785585565
-0.05999999999999994	0.45999999999999996	0.000057669543314621455
-0.05999999999999994	0.48	0.00001485324089452208
-0.05999999999999994	0.5	3.259894550074377e-6
-0.05999999999999994	0.52	6.09536004401759e-7
-0.05999999999999994	0.54	9.711884128807676e-8
-0.05999999999999994	0.56	1.3183187497036296e-8
-0.05999999999999994	0.5800000000000001	1.524917447001097e-9
-0.05999999999999994	0.6000000000000001	1.5027419826284997e-10
-0.05999999999999994	0.6200000000000001	1.2619207312167976e-11
-0.05999999999999994	0.6400000000000001	9.005226545915365e-13
-0.05999999999999994	0.6600000000000001	5.48992974548753e-14
-0.05999999999999994	0.6799999999999999	2.8519969137647463e-15
-0.040000000000000036	-0.33999999999999997	1.1430009979913042e-15
-0.040000000000000036	-0.31999999999999995	1.4733482319958738e-15
-0.040000000000000036	-0.29999999999999993	1.884661527286206e-15
-0.040000000000000036	-0.28	2.0544673786095582e-15
-0.040000000000000036	-0.26	1.9082463868849382e-15
-0.040000000000000036	-0.24	1.6276572224739457e-15
-0.040000000000000036	-0.21999999999999997	1.2941587409195617e-15
-0.040000000000000036	-0.19999999999999996	1.02237349463831e-15
-0.040000000000000036	0.15999999999999992	0.00016627415524243235
-0.040000000000000036	0.17999999999999994	0.0004920296973805843
-0.040000000000000036	0.19999999999999996	0.0012138961525241356
-0.040000000000000036	0.21999999999999997	0.002547125714437099
-0.040000000000000036	0.24	0.004545669456323797
-0.040000000000000036	0.26	0.006870260340304868
-0.040000000000000036	0.28	0.008805387351648234
-0.040000000000000036	0.30000000000000004	0.009612317642291642
-0.040000000000000036	0.32000000000000006	0.008937419423101566
-0.040000000000000036	0.3400000000000001	0.007055408752416551
-0.040000000000000036	0.3600000000000001	0.004760143020380191
-0.040000000000000036	0.3800000000000001	0.00273540818605481
-0.040000000000000036	0.40000000000000013	0.0013353531341443983
-0.040000000000000036	0.41999999999999993	0.0005553278547434996
-0.040000000000000036	0.43999999999999995	0.00019680919668958383
-0.040000000000000036	0.45999999999999996	0.000059418234159493146
-0.040000000000000036	0.48	0.00001528753882868731
-0.040000000000000036	0.5	3.3435664640774493e-6
-0.040000000000000036	0.52	6.258534970890439e-7
-0.040000000000000036	0.54	9.939644152769701e-8
-0.040000000000000036	0.56	1.3451845566862259e-8
-0.040000000000000036	0.5800000000000001	1.5545030120778621e-9
-0.040000000000000036	0.6000000000000001	1.5304228465014788e-10
-0.040000000000000036	0.6200000000000001	1.2816254568602324e-11
-0.040000000000000036	0.6400000000000001	9.145841969732946e-13
-0.040000000000000036	0.6600000000000001	5.571611225015592e-14
-0.040000000000000036	0.6799999999999999	2.891663265066009e-15
-0.020000000000000018	0.10000000000000009	3.0039237154907547e-6
-0.020000000000000018	0.1200000000000001	0.000014306867604447085
-0.020000000000000018	0.14000000000000012	0.000056956300117197886
-0.020000000000000018	0.15999999999999992	0.00019264031756430965
-0.020000000000000018	0.17999999999999994	0.0005503721985352227
-0.020000000000000018	0.19999999999999996	0.0013345526018302965
-0.020000000000000018	0.21999999999999997	0.002756255344755471
-0.020000000000000018	0.24	0.004838191841953339
-0.020000000000000018	0.26	0.0072507172090427886
-0.020000000000000018	0.28	0.009238448164110066
-0.020000000000000018	0.30000000000000004	0.010046403795586916
-0.020000000000000018	0.32000000000000006	0.009273999566107022
-0.020000000000000018	0.3400000000000001	0.007308893562757487
-0.020000000000000018	0.3600000000000001	0.004906571615077083
-0.020000000000000018	0.3800000000000001	0.0028072726926373763
-0.020000000000000018	0.40000000000000013	0.001366446316236069
-0.020000000000000018	0.41999999999999993	0.0005676176380617746
-0.020000000000000018	0.43999999999999995	0.00020086037594517817
-0.020000000000000018	0.45999999999999996	0.00006049798263719678
-0.020000000000000018	0.48	0.000015527459227785633
-0.020000000000000018	0.5	3.400252463138287e-6
-0.020000000000000018	0.52	6.337185710928811e-7
-0.020000000000000018	0.54	1.006455523371269e-7
-0.020000000000000018	0.56	1.3620894332050365e-8
-0.020000000000000018	0.5800000000000001	1.5708312874903735e-9
-0.020000000000000018	0.6000000000000001	1.546681062533972e-10
-0.020000000000000018	0.6200000000000001	1.2952406113895902e-11
-0.020000000000000018	0.6400000000000001	9.243001440975078e-13
-0.020000000000000018	0.6600000000000001	5.6206749647067196e-14
-0.020000000000000018	0.6799999999999999	2.9125729045095717e-15
0.	0.10000000000000009	3.4088445659044652e-6
0.	0.1200000000000001	0.000015598469262356948
0.	0.14000000000000012	0.00006077465145825377
0.	0.15999999999999992	0.00020190810432712546
0.	0.17999999999999994	0.0005712418440977733
0.	0.19999999999999996	0.0013778681843572287
0.	0.21999999999999997	0.0028307381578330853
0.	0.24	0.004955695448457228
0.	0.26	0.007393028863996923
0.	0.28	0.009398381661657709
0.	0.30000000000000004	0.010184405691785175
0.	0.32000000000000006	0.009401391372319986
0.	0.3400000000000001	0.007395396386257624
0.	0.3600000000000001	0.00495728244608801
0.	0.3800000000000001	0.0028316446652640933
0.	0.40000000000000013	0.001378309428894318
0.	0.41999999999999993	0.0005716991981149624
0.	0.43999999999999995	0.00020206975824581347
0.	0.45999999999999996	0.0000608622415861372
0.	0.48	0.00001562095021263297
0.	0.5	3.416487496991553e-6
0.	0.52	6.367443589032487e-7
0.	0.54	1.0112610016911516e-7
0.	0.56	1.3685929409001237e-8
0.	0.5800000000000001	1.5783314656114526e-9
0.	0.6000000000000001	1.5513313089931104e-10
0.	0.6200000000000001	1.2991348777724593e-11
0.	0.6400000000000001	9.270791420282309e-13
0.	0.6600000000000001	5.637574068526981e-14
0.	0.6799999999999999	2.9213298371211268e-15
0.020000000000000018	0.10000000000000009	3.0039237154907555e-6
0.020000000000000018	0.1200000000000001	0.000014306867604447085
0.020000000000000018	0.14000000000000012	0.000056956300117197886
0.020000000000000018	0.15999999999999992	0.00019264031756430967
0.020000000000000018	0.17999999999999994	0.0005503721985352228
0.020000000000000018	0.19999999999999996	0.0013345526018302965
0.020000000000000018	0.21999999999999997	0.002756255344755471
0.020000000000000018	0.24	0.004838191841953339
0.020000000000000018	0.26	0.0072507172090427886
0.020000000000000018	0.28	0.009238448164110066
0.020000000000000018	0.30000000000000004	0.010046403795586916
0.020000000000000018	0.32000000000000006	0.009273999566107024
0.020000000000000018	0.3400000000000001	0.007308893562757488
0.020000000000000018	0.3600000000000001	0.004906571615077083
0.020000000000000018	0.3800000000000001	0.0028072726926373763
0.020000000000000018	0.40000000000000013	0.001366446316236069
0.020000000000000018	0.41999999999999993	0.0005676176380617746
0.020000000000000018	0.43999999999999995	0.00020086037594517817
0.020000000000000018	0.45999999999999996	0.00006049798263719678
0.020000000000000018	0.48	0.000015527459227785633
0.020000000000000018	0.5	3.400252463138287e-6
0.020000000000000018	0.52	6.337185710928811e-7
0.020000000000000018	0.54	1.006455523371269e-7
0.020000000000000018	0.56	1.3620894332050365e-8
0.020000000000000018	0.5800000000000001	1.5708312874903735e-9
0.020000000000000018	0.6000000000000001	1.546681062533972e-10
0.020000000000000018	0.6200000000000001	1.2952406113895902e-11
0.020000000000000018	0.6400000000000001	9.243001440975078e-13
0.020000000000000018	0.6600000000000001	5.6206749647067196e-14
0.020000000000000018	0.6799999999999999	2.9125729045095717e-15
0.040000000000000036	-0.33999999999999997	1.1430009979913042e-15
0.040000000000000036	-0.31999999999999995	1.4733482319958738e-15
0.040000000000000036	-0.29999999999999993	1.8846615272862055e-15
0.040000000000000036	-0.28	2.0544673786095582e-15
0.040000000000000036	-0.26	1.908246386884938e-15
0.040000000000000036	-0.24	1.6276572224739457e-15
0.040000000000000036	-0.21999999999999997	1.2941587409195617e-15
0.040000000000000036	-0.19999999999999996	1.02237349463831e-15
0.040000000000000036	0.15999999999999992	0.00016627415524243235
0.040000000000000036	0.17999999999999994	0.0004920296973805843
0.040000000000000036	0.19999999999999996	0.0012138961525241354
0.040000000000000036	0.21999999999999997	0.002547125714437099
0.040000000000000036	0.24	0.004545669456323797
0.040000000000000036	0.26	0.006870260340304868
0.040000000000000036	0.28	0.008805387351648234
0.040000000000000036	0.30000000000000004	0.009612317642291642
0.040000000000000036	0.32000000000000006	0.008937419423101566
0.040000000000000036	0.3400000000000001	0.007055408752416551
0.040000000000000036	0.3600000000000001	0.004760143020380191
0.040000000000000036	0.3800000000000001	0.00273540818605481
0.040000000000000036	0.40000000000000013	0.0013353531341443983
0.040000000000000036	0.41999999999999993	0.0005553278547434996
0.040000000000000036	0.43999999999999995	0.00019680919668958383
0.040000000000000036	0.45999999999999996	0.000059418234159493146
0.040000000000000036	0.48	0.00001528753882868731
0.040000000000000036	0.5	3.3435664640774493e-6
0.040000000000000036	0.52	6.258534970890439e-7
0.040000000000000036	0.54	9.939644152769701e-8
0.040000000000000036	0.56	1.3451845566862259e-8
0.040000000000000036	0.5800000000000001	1.5545030120778621e-9
0.040000000000000036	0.6000000000000001	1.5304228465014788e-10
0.040000000000000036	0.6200000000000001	1.2816254568602324e-11
0.040000000000000036	0.6400000000000001	9.145841969732946e-13
0.040000000000000036	0.6600000000000001	5.571611225015592e-14
0.040000000000000036	0.6799999999999999	2.891663265066009e-15
0.06000000000000005	-0.09999999999999998	4.982947703740579e-15
0.06000000000000005	-0.07999999999999996	6.002829793327911e-15
0.06000000000000005	0.08000000000000007	9.05175694166741e-7
0.06000000000000005	0.10000000000000009	6.0273530708731625e-6
0.06000000000000005	0.3800000000000001	0.002620053111084585
0.06000000000000005	0.40000000000000013	0.0012860833274083506
0.06000000000000005	0.41999999999999993	0.0005355679497666575
0.06000000000000005	0.43999999999999995	0.00019075942785585565
0.06000000000000005	0.45999999999999996	0.000057669543314621455
0.06000000000000005	0.48	0.00001485324089452208
0.06000000000000005	0.5	3.259894550074377e-6
0.06000000000000005	0.52	6.09536004401759e-7
0.06000000000000005	0.54	9.711884128807676e-8
0.06000000000000005	0.56	1.3183187497036296e-8
0.06000000000000005	0.5800000000000001	1.524917447001097e-9
0.06000000000000005	0.6000000000000001	1.5027419826284997e-10
0.06000000000000005	0.6200000000000001	1.2619207312167976e-11
0.06000000000000005	0.6400000000000001	9.005226545915365e-13
0.06000000000000005	0.6600000000000001	5.48992974548753e-14
0.06000000000000005	0.6799999999999999	2.8519969137647463e-15
0.08000000000000007	-0.19999999999999996	5.4709236483041305e-14
0.08000000000000007	-0.17999999999999994	4.966238336961666e-14
0.08000000000000007	-0.16000000000000003	4.858742191115928e-14
0.08000000000000007	-0.14	4.16562583750056e-14
0.08000000000000007	-0.12	4.1607614048942407e-14
0.08000000000000007	-0.05999999999999994	4.5128080159232044e-13
0.08000000000000007	0.06000000000000005	2.1566321939749919e-7
0.08000000000000007	0.1200000000000001	0.0000197290802277148
0.08000000000000007	0.14000000000000012	0.00008518027579258252
0.08000000000000007	0.15999999999999992	0.0002839357883879028
0.08000000000000007	0.17999999999999994	0.0007835328642269071
0.08000000000000007	0.19999999999999996	0.0017600961385068354
0.08000000000000007	0.6600000000000001	5.3783174961498105e-14
0.10000000000000009	-0.31999999999999995	3.229107383448366e-14
0.10000000000000009	-0.29999999999999993	6.110780984651133e-14
0.10000000000000009	-0.28	9.843280240785827e-14
0.10000000000000009	-0.26	1.3494793866906517e-13
0.10000000000000009	-0.24	1.835371148789676e-13
0.10000000000000009	-0.21999999999999997	2.078799088627169e-13
0.10000000000000009	-0.19999999999999996	2.3215117082900063e-13
0.10000000000000009	-0.12	7.938627542218019e-13
0.10000000000000009	-0.09999999999999998	1.0007404056373238e-12
0.10000000000000009	-0.05999999999999994	8.78578887871399e-12
0.10000000000000009	-0.020000000000000018	1.3957719413654055e-10
0.10000000000000009	0.	1.195959159304192e-9
0.10000000000000009	0.020000000000000018	7.752271537999553e-9
0.10000000000000009	0.06000000000000005	4.944223087179387e-7
0.10000000000000009	0.10000000000000009	8.179249390041224e-6
0.10000000000000009	0.1200000000000001	0.00004184136582405086
0.10000000000000009	0.19999999999999996	0.0014058932935871289
0.10000000000000009	0.21999999999999997	0.0027525636996810947
0.10000000000000009	0.24	0.004449415143287907
0.10000000000000009	0.26	0.00609290852382237
0.10000000000000009	0.28	0.006935606530165207
0.10000000000000009	0.30000000000000004	0.006707483847369765
0.10000000000000009	0.32000000000000006	0.005511179971281617
0.1200000000000001	-0.4	2.147433300450338e-15
0.1200000000000001	-0.38	6.534285754663567e-15
0.1200000000000001	-0.36	1.7098374043172064e-14
0.1200000000000001	-0.33999999999999997	4.4622077170966304e-14
0.1200000000000001	-0.31999999999999995	9.756973331199735e-14
0.1200000000000001	-0.29999999999999993	1.6899004679471117e-13
0.1200000000000001	-0.28	2.8788001849878543e-13
0.1200000000000001	-0.17999999999999994	1.9358139839346774e-12
0.1200000000000001	-0.16000000000000003	2.2292653047123954e-12
0.1200000000000001	-0.14	2.54284712066643e-12
0.1200000000000001	-0.09999999999999998	1.2498975961508088e-11
0.1200000000000001	-0.07999999999999996	1.653958879872701e-11
0.1200000000000001	-0.020000000000000018	8.915049613488505e-10
0.1200000000000001	0.	5.397865387921683e-9
0.1200000000000001	0.020000000000000018	2.6937280832765006e-8
0.1200000000000001	0.08000000000000007	2.6904614077265364e-6
0.1200000000000001	0.10000000000000009	0.000016638200519940857
0.1200000000000001	0.14000000000000012	0.00011375623443471966
0.1200000000000001	0.15999999999999992	0.00036386967062510776
0.1200000000000001	0.17999999999999994	0.0009179048178550961
0.1200000000000001	0.28	0.005992008801424055
0.1200000000000001	0.30000000000000004	0.005906118095124979
0.1200000000000001	0.32000000000000006	0.004841812417660036
0.1200000000000001	0.3400000000000001	0.0034081788802437143
0.1200000000000001	0.3600000000000001	0.0020383401478228018
0.1200000000000001	0.3800000000000001	0.0010184564296067814
0.1200000000000001	0.40000000000000013	0.00043312929598802443
0.1200000000000001	0.41999999999999993	0.00015681039235425592
0.1200000000000001	0.43999999999999995	0.00004832483216055273
0.1200000000000001	0.45999999999999996	0.000012586155708876907
0.14000000000000012	-0.42000000000000004	1.31342690391246e-15
0.14000000000000012	-0.4	5.0850048199581576e-15
0.14000000000000012	-0.38	1.5445420325789157e-14
0.14000000000000012	-0.26	1.3979338460619766e-12
0.14000000000000012	-0.24	2.345058546882657e-12
0.14000000000000012	-0.21999999999999997	3.5631648558001265e-12
0.14000000000000012	-0.19999999999999996	4.803055809669336e-12
0.14000000000000012	-0.14	2.0659327640000063e-11
0.14000000000000012	-0.12	2.716183515611011e-11
0.14000000000000012	-0.07999999999999996	1.4361281717798032e-10
0.14000000000000012	-0.020000000000000018	4.58044046718171e-9
0.14000000000000012	0.	2.080808993544426e-8
0.14000000000000012	0.020000000000000018	8.222225361330818e-8
0.14000000000000012	0.08000000000000007	5.6950814343502355e-6
0.14000000000000012	0.1200000000000001	0.00005180208658675827
0.14000000000000012	0.14000000000000012	0.00018888649814894043
0.14000000000000012	0.19999999999999996	0.001477603638559491
0.14000000000000012	0.21999999999999997	0.0025993257869553225
0.14000000000000012	0.24	0.0037915876055055094
0.14000000000000012	0.26	0.004603919014416106
0.14000000000000012	0.3800000000000001	0.000920581041725535
0.14000000000000012	0.40000000000000013	0.0003930722990596495
0.14000000000000012	0.41999999999999993	0.00014416798384399556
0.14000000000000012	0.43999999999999995	0.000044972152090265785
0.14000000000000012	0.45999999999999996	0.000011738277671553148
0.14000000000000012	0.48	2.6303691847540773e-6
0.14000000000000012	0.5	5.017807676416596e-7
0.14000000000000012	0.52	8.088704035267317e-8
0.14000000000000012	0.54	1.110575671162519e-8
0.14000000000000012	0.56	1.2987382843198496e-9
0.14000000000000012	0.5800000000000001	1.293598214637302e-10
0.14000000000000012	0.6000000000000001	1.0904563667480569e-11
0.14000000000000012	0.6200000000000001	7.881331195955122e-13
0.14000000000000012	0.6400000000000001	4.8517131490116286e-14
0.15999999999999992	-0.33999999999999997	1.4690073687854016e-13
0.15999999999999992	-0.31999999999999995	4.0642067068187566e-13
0.15999999999999992	-0.29999999999999993	9.469902987161375e-13
0.15999999999999992	-0.28	1.872194964155847e-12
0.15999999999999992	-0.19999999999999996	1.9026147829601938e-11
0.15999999999999992	-0.17999999999999994	3.1083759669009097e-11
0.15999999999999992	-0.12	1.7060356481771655e-10
0.15999999999999992	-0.07999999999999996	8.520690080295387e-10
0.15999999999999992	-0.040000000000000036	4.585044099078642e-9
0.15999999999999992	-0.020000000000000018	1.838742797047744e-8
0.15999999999999992	0.	6.908529152449254e-8
0.15999999999999992	0.020000000000000018	2.3259112409901068e-7
0.15999999999999992	0.040000000000000036	6.786190997401462e-7
0.15999999999999992	0.08000000000000007	0.000010885786990617322
0.15999999999999992	0.1200000000000001	0.00008615960468468966
0.15999999999999992	0.17999999999999994	0.0008928770005693996
0.15999999999999992	0.19999999999999996	0.0017159695757153024
0.15999999999999992	0.28	0.003960744506568936
0.15999999999999992	0.30000000000000004	0.0033896054223129294
0.15999999999999992	0.32000000000000006	0.002461258727433701
0.15999999999999992	0.3400000000000001	0.0015162955361612534
0.15999999999999992	0.5	4.6648947239136483e-7
0.15999999999999992	0.52	7.536095548055876e-8
0.15999999999999992	0.54	1.0453550545872444e-8
0.15999999999999992	0.56	1.224818491080307e-9
0.15999999999999992	0.5800000000000001	1.2223171974546423e-10
0.15999999999999992	0.6000000000000001	1.0389637308963062e-11
0.15999999999999992	0.6200000000000001	7.521788698531906e-13
0.15999999999999992	0.6400000000000001	4.638164507174949e-14
0.15999999999999992	0.6600000000000001	2.435989681739449e-15
0.17999999999999994	-0.42000000000000004	1.8621111516281904e-15
0.17999999999999994	-0.4	7.803849969947826e-15
0.17999999999999994	-0.38	3.206902905967161e-14
0.17999999999999994	-0.36	1.1300010612476604e-13
0.17999999999999994	-0.33999999999999997	3.6002209916119894e-13
0.17999999999999994	-0.26	8.453134071937108e-12
0.17999999999999994	-0.24	1.62158667650982e-11
0.17999999999999994	-0.21999999999999997	2.961276916222651e-11
0.17999999999999994	-0.16000000000000003	1.8436521603115546e-10
0.17999999999999994	-0.12	7.62367293157612e-10
0.17999999999999994	-0.07999999999999996	3.785855118967084e-9
0.17999999999999994	-0.040000000000000036	1.7599842703181757e-8
0.17999999999999994	-0.020000000000000018	5.964024106179133e-8
0.17999999999999994	0.	1.9383454676333467e-7
0.17999999999999994	0.020000000000000018	5.809156044128894e-7
0.17999999999999994	0.040000000000000036	1.5371615795311703e-6
0.17999999999999994	0.08000000000000007	0.00001853178214510018
0.17999999999999994	0.1200000000000001	0.00012496529788656887
0.17999999999999994	0.15999999999999992	0.0004945622565053924
0.17999999999999994	0.21999999999999997	0.0020607018504982637
0.17999999999999994	0.24	0.002686863864350588
0.17999999999999994	0.26	0.0028498636582770277
0.17999999999999994	0.3400000000000001	0.0012977392993714057
0.17999999999999994	0.3600000000000001	0.0006843217322925306
0.17999999999999994	0.3800000000000001	0.0003023943463989398
0.17999999999999994	0.40000000000000013	0.00011353249249208006
0.17999999999999994	0.41999999999999993	0.0000354044602631088
0.17999999999999994	0.43999999999999995	9.605903940403868e-6
0.17999999999999994	0.6400000000000001	4.4083214830248734e-14
0.17999999999999994	0.6600000000000001	2.319174698293055e-15
0.19999999999999996	-0.31999999999999995	1.165872822053552e-12
0.19999999999999996	-0.29999999999999993	3.137801035109389e-12
0.19999999999999996	-0.28	8.815332849857034e-12
0.19999999999999996	-0.21999999999999997	7.77167411480367e-11
0.19999999999999996	-0.19999999999999996	1.3935132312999025e-10
0.19999999999999996	-0.16000000000000003	5.823211352027593e-10
0.19999999999999996	-0.14	9.829860212231666e-10
0.19999999999999996	-0.09999999999999998	4.1771266594139355e-9
0.19999999999999996	-0.07999999999999996	1.2621420815069953e-8
0.19999999999999996	-0.040000000000000036	5.4533111284782444e-8
0.19999999999999996	-0.020000000000000018	1.6479945828795013e-7
0.19999999999999996	0.	4.673156518852376e-7
0.19999999999999996	0.020000000000000018	1.2355079071194923e-6
0.19999999999999996	0.040000000000000036	3.06949670096368e-6
0.19999999999999996	0.08000000000000007	0.000028269478254188086
0.19999999999999996	0.10000000000000009	0.00005376863305423396
0.19999999999999996	0.14000000000000012	0.0002503613762012239
0.19999999999999996	0.15999999999999992	0.0005508672867713875
0.19999999999999996	0.19999999999999996	0.0012871602711857846
0.19999999999999996	0.21999999999999997	0.0017245102797977102
0.19999999999999996	0.28	0.002092968907693099
0.19999999999999996	0.30000000000000004	0.0016332157504294236
0.19999999999999996	0.32000000000000006	0.00102670855438886
0.19999999999999996	0.43999999999999995	8.673267062336131e-6
0.19999999999999996	0.45999999999999996	1.9874209801401193e-6
0.19999999999999996	0.48	3.8732495647892734e-7
0.19999999999999996	0.5	6.285804874931743e-8
0.19999999999999996	0.52	8.869939079033618e-9
0.19999999999999996	0.54	1.0541769462945384e-9
0.21999999999999997	-0.4	9.681460307907786e-15
0.21999999999999997	-0.38	4.657663279490298e-14
0.21999999999999997	-0.36	2.0375413921986269e-13
0.21999999999999997	-0.28	1.1857671162466442e-11
0.21999999999999997	-0.26	3.089264147002839e-11
0.21999999999999997	-0.19999999999999996	3.295946178628775e-10
0.21999999999999997	-0.17999999999999994	6.111010784478673e-10
0.21999999999999997	-0.14	2.6980353399195007e-9
0.21999999999999997	-0.09999999999999998	1.218453678285819e-8
0.21999999999999997	-0.040000000000000036	1.363424947392269e-7
0.21999999999999997	-0.020000000000000018	3.7151747767304104e-7
0.21999999999999997	0.	9.60068795086727e-7
0.21999999999999997	0.020000000000000018	2.3377153457793247e-6
0.21999999999999997	0.040000000000000036	5.405412359386209e-6
0.21999999999999997	0.10000000000000009	0.00007106236220861178
0.21999999999999997	0.14000000000000012	0.0002844167191259283
0.21999999999999997	0.17999999999999994	0.0007540553000304864
0.21999999999999997	0.19999999999999996	0.001063520942727524
0.21999999999999997	0.26	0.0015011612293481093
0.21999999999999997	0.28	0.0011717037097938704
0.21999999999999997	0.3600000000000001	0.0002138101861286887
0.21999999999999997	0.3800000000000001	0.00008269283707891679
0.21999999999999997	0.40000000000000013	0.000026757207787489212
0.21999999999999997	0.54	9.705747882429856e-10
0.21999999999999997	0.56	9.847167114081669e-11
0.21999999999999997	0.5800000000000001	8.418428796296993e-12
0.21999999999999997	0.6000000000000001	6.251840547359348e-13
0.21999999999999997	0.6200000000000001	3.8754985243463734e-14
0.21999999999999997	0.6400000000000001	2.0462162814431826e-15
0.24	-0.42000000000000004	3.3324109251853593e-15
0.24	-0.33999999999999997	5.920022094714995e-13
0.24	-0.31999999999999995	2.3400426066182075e-12
0.24	-0.29999999999999993	7.774355048936258e-12
0.24	-0.24	1.0961763325053831e-10
0.24	-0.17999999999999994	1.2452410030171074e-9
0.24	-0.14	6.190715031812535e-9
0.24	-0.09999999999999998	2.6645360262505854e-8
0.24	-0.040000000000000036	2.89921920409496e-7
0.24	-0.020000000000000018	7.133573978915655e-7
0.24	0.	1.67074669052814e-6
0.24	0.020000000000000018	3.767403847397027e-6
0.24	0.040000000000000036	8.095978526480482e-6
0.24	0.10000000000000009	0.00008441810557166449
0.24	0.14000000000000012	0.00027172205629153205
0.24	0.17999999999999994	0.0006354817935926175
0.24	0.24	0.0010125161309727192
0.24	0.30000000000000004	0.000644676206730188
0.24	0.32000000000000006	0.00035707570928550413
0.24	0.3400000000000001	0.00016748986069312267
0.24	0.41999999999999993	6.485988951154017e-6
0.24	0.43999999999999995	1.5232636943184712e-6
0.24	0.45999999999999996	3.0389919324601797e-7
0.24	0.48	5.020523458857206e-8
0.24	0.6200000000000001	3.6158718243459866e-14
0.24	0.6400000000000001	1.912353488697178e-15
0.26	-0.4	7.945597016981605e-15
0.26	-0.38	4.7493572939344045e-14
0.26	-0.36	2.408677080699934e-13
0.26	-0.29999999999999993	7.02132049637329e-12
0.26	-0.28	2.4700331875767886e-11
0.26	-0.21999999999999997	3.9894977296776027e-10
0.26	-0.17999999999999994	1.9870155673684257e-9
0.26	-0.14	9.987029937393024e-9
0.26	-0.09999999999999998	4.697262999980642e-8
0.26	-0.040000000000000036	4.985163067117029e-7
0.26	-0.020000000000000018	1.110997250087503e-6
0.26	0.	2.4924611764322994e-6
0.26	0.020000000000000018	5.378421080063358e-6
0.26	0.040000000000000036	0.000010712302020226872
0.26	0.10000000000000009	0.00008797208629258751
0.26	0.14000000000000012	0.00023882325194506658
0.26	0.17999999999999994	0.0004624643825538212
0.26	0.21999999999999997	0.0006385287218971769
0.26	0.28	0.0004599684655962142
0.26	0.30000000000000004	0.0002636014627295734
0.26	0.3600000000000001	0.00005718770152461923
0.26	0.3800000000000001	0.000019080172692278236
0.26	0.40000000000000013	5.401288699541398e-6
0.26	0.5	6.53188810872433e-9
0.26	0.52	7.937809809347028e-10
0.26	0.54	8.001908828302594e-11
0.26	0.56	7.040924413360543e-12
0.26	0.5800000000000001	5.207813919743747e-13
0.28	-0.42000000000000004	2.148272851342228e-15
0.28	-0.36	1.3554337559060562e-13
0.28	-0.33999999999999997	6.84210114628572e-13
0.28	-0.28	2.174190638802538e-11
0.28	-0.26	7.525504058435454e-11
0.28	-0.21999999999999997	4.693566277885897e-10
0.28	-0.19999999999999996	1.298013626155061e-9
0.28	-0.16000000000000003	6.53793369906782e-9
0.28	-0.12	3.268276521608153e-8
0.28	-0.09999999999999998	7.387521153511685e-8
0.28	-0.040000000000000036	6.974588565814168e-7
0.28	-0.020000000000000018	1.5479904874347729e-6
0.28	0.	3.1685391527486445e-6
0.28	0.020000000000000018	6.28934556273017e-6
0.28	0.040000000000000036	0.000012577552008460189
0.28	0.10000000000000009	0.00007507101051538216
0.28	0.1200000000000001	0.00012386588807205897
0.28	0.15999999999999992	0.0002636685356121658
0.28	0.19999999999999996	0.00039394933184385035
0.28	0.21999999999999997	0.000342270693442142
0.28	0.26	0.0003168207710920355
0.28	0.28	0.00018456110995241184
0.28	0.3400000000000001	0.000043460660844384044
0.28	0.3600000000000001	0.000014653159887606627
0.28	0.41999999999999993	1.1253686671661205e-6
0.28	0.43999999999999995	2.2726001570784694e-7
0.28	0.45999999999999996	3.840000979319523e-8
0.28	0.48	5.599975335118651e-9
0.28	0.5800000000000001	4.842257518984986e-13
0.28	0.6000000000000001	3.055397370231502e-14
0.28	0.6200000000000001	1.6217590290314105e-15
0.30000000000000004	-0.4	5.388579614893357e-15
0.30000000000000004	-0.38	3.7364845130588145e-14
0.30000000000000004	-0.31999999999999995	1.8774508474708843e-12
0.30000000000000004	-0.29999999999999993	8.426587895895244e-12
0.30000000000000004	-0.26	6.124234596432742e-11
0.30000000000000004	-0.24	2.2183841591075726e-10
0.30000000000000004	-0.19999999999999996	1.334655455256213e-9
0.30000000000000004	-0.16000000000000003	7.743316544979941e-9
0.30000000000000004	-0.12	3.977790299408773e-8
0.30000000000000004	-0.09999999999999998	8.432193143186819e-8
0.30000000000000004	-0.040000000000000036	8.311169444627739e-7
0.30000000000000004	-0.020000000000000018	1.6769180759219395e-6
0.30000000000000004	0.	3.4324374875943703e-6
0.30000000000000004	0.020000000000000018	6.813166712244462e-6
0.30000000000000004	0.040000000000000036	0.000012578062653427353
0.30000000000000004	0.10000000000000009	0.00006034791093163623
0.30000000000000004	0.1200000000000001	0.00009710575878715663
0.30000000000000004	0.15999999999999992	0.00016861351618492246
0.30000000000000004	0.19999999999999996	0.00021877331050132679
0.30000000000000004	0.24	0.00021078154476427145
0.30000000000000004	0.26	0.00012786902474385038
0.30000000000000004	0.30000000000000004	0.00007823499010246431
0.30000000000000004	0.32000000000000006	0.00003213480498732487
0.30000000000000004	0.3800000000000001	3.692169149871848e-6
0.30000000000000004	0.40000000000000013	9.009819727988368e-7
0.30000000000000004	0.41999999999999993	1.8334262613919072e-7
0.30000000000000004	0.5	6.084708903717549e-10
0.30000000000000004	0.52	6.440265521818624e-11
0.30000000000000004	0.54	5.630308916298657e-12
0.30000000000000004	0.56	4.248112132402255e-13
0.32000000000000006	-0.38	1.4143713526641187e-14
0.32000000000000006	-0.36	9.70893535939738e-14
0.32000000000000006	-0.29999999999999993	5.0505442669879735e-12
0.32000000000000006	-0.24	1.7849265945214283e-10
0.32000000000000006	-0.19999999999999996	1.1557848743075574e-9
0.32000000000000006	-0.16000000000000003	7.711696426559073e-9
0.32000000000000006	-0.12	4.330169320884571e-8
0.32000000000000006	-0.09999999999999998	8.157261968664977e-8
0.32000000000000006	-0.040000000000000036	8.435483850182202e-7
0.32000000000000006	-0.020000000000000018	1.6958381810996958e-6
0.32000000000000006	0.	3.1685391527486462e-6
0.32000000000000006	0.020000000000000018	5.782517186406589e-6
0.32000000000000006	0.040000000000000036	0.00001071360682221134
0.32000000000000006	0.10000000000000009	0.00004119825569138871
0.32000000000000006	0.1200000000000001	0.00006247844807699949
0.32000000000000006	0.15999999999999992	0.00009117720660120546
0.32000000000000006	0.19999999999999996	0.00010281351946147814
0.32000000000000006	0.24	0.00008375313692137697
0.32000000000000006	0.30000000000000004	0.000023139607074261933
0.32000000000000006	0.3600000000000001	2.8119143907263456e-6
0.32000000000000006	0.3800000000000001	6.931342014563017e-7
0.32000000000000006	0.43999999999999995	2.8121330427229423e-8
0.32000000000000006	0.45999999999999996	4.148644738617303e-9
0.32000000000000006	0.48	5.114773108185226e-10
0.32000000000000006	0.5800000000000001	2.478081398165153e-14
0.32000000000000006	0.6000000000000001	1.3386275411905505e-15
0.3400000000000001	-0.36	3.385560654159282e-14
0.3400000000000001	-0.33999999999999997	2.4641000786559305e-13
0.3400000000000001	-0.28	1.3134762961712907e-11
0.3400000000000001	-0.24	1.0646888759698608e-10
0.3400000000000001	-0.17999999999999994	3.1153475711740598e-9
0.3400000000000001	-0.16000000000000003	5.824422291241986e-9
0.3400000000000001	-0.12	3.59589258742383e-8
0.3400000000000001	-0.040000000000000036	7.29226056802002e-7
0.3400000000000001	-0.020000000000000018	1.3339935611134464e-6
0.3400000000000001	0.	2.492461176432296e-6
0.3400000000000001	0.020000000000000018	4.548689125923594e-6
0.3400000000000001	0.040000000000000036	7.772522238676499e-6
0.3400000000000001	0.1200000000000001	0.00003654098372555707
0.3400000000000001	0.15999999999999992	0.00004450925138990422
0.3400000000000001	0.17999999999999994	0.00006251676507251486
0.3400000000000001	0.24	0.000029646039771440695
0.3400000000000001	0.28	0.00001620736401100743
0.3400000000000001	0.3400000000000001	2.0917073113746793e-6
0.3400000000000001	0.3600000000000001	5.319008343537116e-7
0.3400000000000001	0.41999999999999993	2.2596392340799473e-8
0.3400000000000001	0.43999999999999995	3.3566888350465283e-9
0.3400000000000001	0.52	4.349086595573649e-12
0.3400000000000001	0.54	3.3083023664172413e-13
0.3600000000000001	-0.38	6.3098040023825455e-15
0.3600000000000001	-0.31999999999999995	5.748344686255568e-13
0.3600000000000001	-0.28	5.762450855118478e-12
0.3600000000000001	-0.26	3.330120130363139e-11
0.3600000000000001	-0.21999999999999997	2.7953366427605846e-10
0.3600000000000001	-0.17999999999999994	2.0206621897677963e-9
0.3600000000000001	-0.12	2.539727768453619e-8
0.3600000000000001	-0.040000000000000036	5.36931245277956e-7
0.3600000000000001	-0.020000000000000018	9.336510186658055e-7
0.3600000000000001	0.	1.670746690528139e-6
0.3600000000000001	0.020000000000000018	2.9174471283108895e-6
0.3600000000000001	0.040000000000000036	4.802778535952311e-6
0.3600000000000001	0.1200000000000001	0.000018176441473601918
0.3600000000000001	0.17999999999999994	0.000026128503182654497
0.3600000000000001	0.21999999999999997	0.000019073468502738885
0.3600000000000001	0.26	0.0000110497928444435
0.3600000000000001	0.28	4.202173642248126e-6
0.3600000000000001	0.32000000000000006	1.5566207168261854e-6
0.3600000000000001	0.3800000000000001	9.913247335718106e-8
0.3600000000000001	0.40000000000000013	1.7475371284962667e-8
0.3600000000000001	0.45999999999999996	3.7999821758968814e-10
0.3600000000000001	0.48	4.0904518282332213e-11
0.3600000000000001	0.5	3.6760890353720304e-12
0.3600000000000001	0.5800000000000001	1.0755444348495533e-15
0.3800000000000001	-0.38	1.5951963740295593e-15
0.3800000000000001	-0.36	1.4864091453730068e-14
0.3800000000000001	-0.31999999999999995	1.957209960440677e-13
0.3800000000000001	-0.29999999999999993	1.3869275961608097e-12
0.3800000000000001	-0.26	1.4521769714773799e-11
0.3800000000000001	-0.21999999999999997	1.321875356327046e-10
0.3800000000000001	-0.17999999999999994	1.1145486126920209e-9
0.3800000000000001	-0.12	1.5256195647745646e-8
0.3800000000000001	-0.05999999999999994	1.7284647574671975e-7
0.3800000000000001	-0.040000000000000036	3.0669999396639904e-7
0.3800000000000001	-0.020000000000000018	5.333099243335869e-7
0.3800000000000001	0.	9.543456530250832e-7
0.3800000000000001	0.020000000000000018	1.666472242990875e-6
0.3800000000000001	0.040000000000000036	2.7433906313944957e-6
0.3800000000000001	0.06000000000000005	4.430374485828697e-6
0.3800000000000001	0.1200000000000001	7.689818969792604e-6
0.3800000000000001	0.17999999999999994	9.280759884654834e-6
0.3800000000000001	0.21999999999999997	5.831754246865831e-6
0.3800000000000001	0.26	2.836420673113255e-6
0.3800000000000001	0.30000000000000004	1.1058579689e-6
0.3800000000000001	0.32000000000000006	2.877853573470289e-7
0.3800000000000001	0.3600000000000001	7.456886808886275e-8
0.3800000000000001	0.3800000000000001	1.3541186689365475e-8
0.3800000000000001	0.43999999999999995	3.0784353067091477e-10
0.3800000000000001	0.45999999999999996	3.334922862707605e-11
0.3800000000000001	0.52	2.5776258195599273e-13
0.3800000000000001	0.54	1.651367215425866e-14
0.40000000000000013	-0.36	3.4784153348773576e-15
0.40000000000000013	-0.29999999999999993	4.1465637427894953e-13
0.40000000000000013	-0.26	5.0219062323323295e-12
0.40000000000000013	-0.21999999999999997	5.3170761670395994e-11
0.40000000000000013	-0.17999999999999994	5.19657423646305e-10
0.40000000000000013	-0.14	4.363908216081002e-9
0.40000000000000013	-0.12	7.384124195069012e-9
0.40000000000000013	-0.05999999999999994	9.264009466289389e-8
0.40000000000000013	-0.040000000000000036	1.6390321319556526e-7
0.40000000000000013	-0.020000000000000018	2.841855422634483e-7
0.40000000000000013	0.	4.628619301600881e-7
0.40000000000000013	0.020000000000000018	7.452371356514876e-7
0.40000000000000013	0.040000000000000036	1.2303691706010299e-6
0.40000000000000013	0.06000000000000005	1.9926390328944917e-6
0.40000000000000013	0.1200000000000001	2.864819562654298e-6
0.40000000000000013	0.14000000000000012	4.067986667061125e-6
0.40000000000000013	0.17999999999999994	2.796612640594616e-6
0.40000000000000013	0.21999999999999997	1.515177117267621e-6
0.40000000000000013	0.26	6.34342887584067e-7
0.40000000000000013	0.30000000000000004	2.12947648284373e-7
0.40000000000000013	0.3600000000000001	1.0312815073492941e-8
0.40000000000000013	0.41999999999999993	2.4061087369769504e-10
0.40000000000000013	0.5	2.110328951745637e-13
0.40000000000000013	0.52	1.4078822252597657e-14
0.41999999999999993	-0.33999999999999997	7.454849967311027e-15
0.41999999999999993	-0.29999999999999993	1.1175910134710635e-13
0.41999999999999993	-0.28	9.155305666069158e-13
0.41999999999999993	-0.24	1.0815710349361242e-11
0.41999999999999993	-0.17999999999999994	1.953129532034076e-10
0.41999999999999993	-0.14	1.9063582494895533e-9
0.41999999999999993	-0.12	3.2102720984473627e-9
0.41999999999999993	-0.05999999999999994	4.229039128765875e-8
0.41999999999999993	-0.040000000000000036	7.110096124137198e-8
0.41999999999999993	-0.020000000000000018	1.178753066778421e-7
0.41999999999999993	0.	1.9198721909835771e-7
0.41999999999999993	0.020000000000000018	3.0911162901876504e-7
0.41999999999999993	0.040000000000000036	4.89134003688297e-7
0.41999999999999993	0.06000000000000005	7.633453795760952e-7
0.41999999999999993	0.1200000000000001	8.771176952487519e-7
0.41999999999999993	0.14000000000000012	1.2514865263158944e-6
0.41999999999999993	0.17999999999999994	7.402253830288698e-7
0.41999999999999993	0.24	4.376693156861564e-7
0.41999999999999993	0.28	1.50648920146062e-7
0.41999999999999993	0.30000000000000004	3.391907636099189e-8
0.41999999999999993	0.3400000000000001	7.71947784500582e-9
0.41999999999999993	0.40000000000000013	1.8483774408681498e-10
0.41999999999999993	0.45999999999999996	2.1985548640331536e-12
0.41999999999999993	0.48	1.7372599336074182e-13
0.43999999999999995	-0.33999999999999997	1.37644970207977e-15
0.43999999999999995	-0.31999999999999995	1.5703142265974994e-14
0.43999999999999995	-0.28	2.307114299270402e-13
0.43999999999999995	-0.24	3.1675017019084314e-12
0.43999999999999995	-0.19999999999999996	3.794051136310983e-11
0.43999999999999995	-0.17999999999999994	5.902603007857184e-11
0.43999999999999995	-0.14	6.378753458217267e-10
0.43999999999999995	-0.12	1.0715936057888047e-9
0.43999999999999995	-0.05999999999999994	1.5695512501947298e-8
0.43999999999999995	-0.040000000000000036	2.6369337893920493e-8
0.43999999999999995	-0.020000000000000018	4.166357903261017e-8
0.43999999999999995	0.	6.785878146656045e-8
0.43999999999999995	0.020000000000000018	1.0925695252458771e-7
0.43999999999999995	0.040000000000000036	1.6611975700499236e-7
0.43999999999999995	0.06000000000000005	2.5943795553295715e-7
0.43999999999999995	0.1200000000000001	2.4569992039187303e-7
0.43999999999999995	0.14000000000000012	3.5141180813882117e-7
0.43999999999999995	0.17999999999999994	1.7213954347857212e-7
0.43999999999999995	0.19999999999999996	2.2312144473222597e-7
0.43999999999999995	0.24	8.258519191561996e-8
0.43999999999999995	0.28	2.4455889208587453e-8
0.43999999999999995	0.32000000000000006	5.67922154089863e-9
0.43999999999999995	0.3400000000000001	9.209915446961989e-10
0.43999999999999995	0.3800000000000001	1.464255420440448e-10
0.43999999999999995	0.43999999999999995	1.7393147013669425e-12
0.43999999999999995	0.45999999999999996	1.3830385123885193e-13
0.45999999999999996	-0.31999999999999995	2.71380084608889e-15
0.45999999999999996	-0.28	4.9445843946305505e-14
0.45999999999999996	-0.24	7.430607515330213e-13
0.45999999999999996	-0.19999999999999996	9.817108642882876e-12
0.45999999999999996	-0.14	1.9194185095391381e-10
0.45999999999999996	-0.12	3.202021293780012e-10
0.45999999999999996	-0.05999999999999994	5.199074929756633e-9
0.45999999999999996	-0.040000000000000036	8.304562483454972e-9
0.45999999999999996	-0.020000000000000018	1.3106667770759784e-8
0.45999999999999996	0.	2.0438672205143108e-8
0.45999999999999996	0.020000000000000018	3.1491831540488306e-8
0.45999999999999996	0.040000000000000036	4.794330999877217e-8
0.45999999999999996	0.06000000000000005	7.211788187030979e-8
0.45999999999999996	0.1200000000000001	5.6475104426902846e-8
0.45999999999999996	0.14000000000000012	8.119207318563242e-8
0.45999999999999996	0.19999999999999996	4.4336116615179626e-8
0.45999999999999996	0.24	1.3643550197570332e-8
0.45999999999999996	0.28	3.3738467584706493e-9
0.45999999999999996	0.32000000000000006	6.911908205138251e-10
0.45999999999999996	0.3600000000000001	1.1173522769443906e-10
0.45999999999999996	0.3800000000000001	1.2440736198433077e-11
0.45999999999999996	0.41999999999999993	1.3878209403364174e-12
0.45999999999999996	0.43999999999999995	1.1101601999587756e-13
0.45999999999999996	0.48	8.410265855143378e-15
0.48	-0.28	8.42985840971895e-15
0.48	-0.24	1.482553066290233e-13
0.48	-0.19999999999999996	2.28096670014818e-12
0.48	-0.14	4.895196216955324e-11
0.48	-0.05999999999999994	1.397653095378357e-9
0.48	-0.040000000000000036	2.131455459262909e-9
0.48	-0.020000000000000018	3.36396753331534e-9
0.48	0.	5.245805488071078e-9
0.48	0.020000000000000018	8.08271795087223e-9
0.48	0.040000000000000036	1.2305167194010058e-8
0.48	0.06000000000000005	1.776553284188605e-8
0.48	0.14000000000000012	1.5937759142873123e-8
0.48	0.19999999999999996	7.254554452031616e-9
0.48	0.24	1.9170395084925137e-9
0.48	0.28	4.0650098037275986e-10
0.48	0.32000000000000006	6.959601963604217e-11
0.48	0.3600000000000001	9.667808275196862e-12
0.48	0.40000000000000013	1.0674719907163818e-12
0.48	0.41999999999999993	8.804835807890027e-14
0.5	-0.26	1.6884978397494978e-14
0.5	-0.19999999999999996	4.5074690383239947e-13
0.5	-0.14	1.011592564358013e-11
0.5	-0.05999999999999994	3.208140031987647e-10
0.5	-0.040000000000000036	5.112119152078948e-10
0.5	-0.020000000000000018	7.70798507699567e-10
0.5	0.	1.1473200168803074e-9
0.5	0.020000000000000018	1.6963187509156145e-9
0.5	0.040000000000000036	2.4766868555015186e-9
0.5	0.06000000000000005	3.734470876907528e-9
0.5	0.14000000000000012	2.7638957426992156e-9
0.5	0.19999999999999996	1.0095836263392973e-9
0.5	0.26	2.843414898237501e-10
0.5	0.30000000000000004	5.114110511178585e-11
0.5	0.3400000000000001	7.222720464428053e-12
0.5	0.3600000000000001	7.102929692165403e-13
0.5	0.40000000000000013	6.730958772416679e-14
0.52	-0.26	2.3139032851573026e-15
0.52	-0.21999999999999997	4.633810505232937e-14
0.52	-0.19999999999999996	6.799683628142137e-14
0.52	-0.16000000000000003	1.2382930213654232e-12
0.52	-0.14	1.7805141495850716e-12
0.52	-0.05999999999999994	6.261134212574031e-11
0.52	-0.040000000000000036	9.527659723601749e-11
0.52	-0.020000000000000018	1.4365678260521268e-10
0.52	0.	2.138305933355867e-10
0.52	0.020000000000000018	3.1614967023834994e-10
0.52	0.040000000000000036	4.615899766643637e-10
0.52	0.06000000000000005	6.678540979799559e-10
0.52	0.14000000000000012	4.082444897453729e-10
0.52	0.15999999999999992	5.248166188050112e-10
0.52	0.19999999999999996	1.2780773138112782e-10
0.52	0.21999999999999997	1.610369761998439e-10
0.52	0.26	2.992030516369239e-11
0.52	0.30000000000000004	4.476441456493201e-12
0.52	0.3400000000000001	5.274743287852339e-13
0.52	0.3800000000000001	5.3425077794660404e-14
0.52	0.40000000000000013	3.7931853757216e-15
0.54	-0.21999999999999997	6.308326797912146e-15
0.54	-0.19999999999999996	9.207392187402468e-15
0.54	-0.16000000000000003	1.8595293763079014e-13
0.54	-0.14	2.805375908397162e-13
0.54	-0.05999999999999994	1.0433342927492143e-11
0.54	-0.040000000000000036	1.513158394124998e-11
0.54	-0.020000000000000018	2.3824121543668877e-11
0.54	0.	3.396002445647341e-11
0.54	0.020000000000000018	4.803761076970973e-11
0.54	0.040000000000000036	7.330853201058748e-11
0.54	0.06000000000000005	1.0191969534545441e-10
0.54	0.14000000000000012	4.947933909471747e-11
0.54	0.15999999999999992	6.613584881421561e-11
0.54	0.19999999999999996	1.3315965246959067e-11
0.54	0.21999999999999997	1.6837005606014376e-11
0.54	0.26	2.5964138334362568e-12
0.54	0.30000000000000004	3.332530779612289e-13
0.54	0.3400000000000001	3.365570878610509e-14
0.54	0.3800000000000001	2.846730708120555e-15
0.56	-0.16000000000000003	2.5074872708019217e-14
0.56	-0.14	3.5812975853559504e-14
0.56	-0.05999999999999994	1.4782556130620247e-12
0.56	-0.040000000000000036	2.244600938913695e-12
0.56	-0.020000000000000018	3.2242442369759096e-12
0.56	0.	4.595989528539118e-12
0.56	0.020000000000000018	6.501183659528819e-12
0.56	0.040000000000000036	9.12574115202909e-12
0.56	0.06000000000000005	1.3232071935266953e-11
0.56	0.14000000000000012	5.3005748489184414e-12
0.56	0.15999999999999992	6.8510125882945564e-12
0.56	0.21999999999999997	1.4970148101908517e-12
0.56	0.26	1.9772526040648857e-13
0.56	0.3400000000000001	1.878803796399795e-15
0.5800000000000001	-0.16000000000000003	2.7309716173218914e-15
0.5800000000000001	-0.14	3.893982619374323e-15
0.5800000000000001	-0.05999999999999994	1.7882843404871921e-13
0.5800000000000001	-0.040000000000000036	2.588588749623715e-13
0.5800000000000001	-0.020000000000000018	3.718363568855233e-13
0.5800000000000001	0.	5.300330486684437e-13
0.5800000000000001	0.020000000000000018	7.497497924258375e-13
0.5800000000000001	0.040000000000000036	1.0524272029197854e-12
0.5800000000000001	0.06000000000000005	1.4659868760933608e-12
0.5800000000000001	0.14000000000000012	4.836445575622262e-13
0.5800000000000001	0.15999999999999992	6.261697581468186e-13
0.5800000000000001	0.21999999999999997	1.1341296841933949e-13
0.5800000000000001	0.28	1.6002432733197743e-14
0.5800000000000001	0.32000000000000006	1.403260108097671e-15
0.6000000000000001	-0.05999999999999994	1.839454123292323e-14
0.6000000000000001	-0.040000000000000036	2.5438989808063195e-14
0.6000000000000001	-0.020000000000000018	3.6541692049203223e-14
0.6000000000000001	0.	5.2088248181458785e-14
0.6000000000000001	0.020000000000000018	7.368060040781249e-14
0.6000000000000001	0.040000000000000036	1.034257948184959e-13
0.6000000000000001	0.06000000000000005	1.381710353906022e-13
0.6000000000000001	0.14000000000000012	3.758667342586902e-14
0.6000000000000001	0.15999999999999992	4.874540569417169e-14
0.6000000000000001	0.21999999999999997	7.563309369550627e-15
0.6200000000000001	-0.05999999999999994	1.6154465407082712e-15
0.6200000000000001	-0.040000000000000036	2.227753574477903e-15
0.6200000000000001	-0.020000000000000018	3.0601191607969643e-15
0.6200000000000001	0.	4.362037918162177e-15
0.6200000000000001	0.020000000000000018	6.170251141719858e-15
0.6200000000000001	0.040000000000000036	8.29839568523487e-15
0.6200000000000001	0.06000000000000005	1.1113349530094197e-14
0.6200000000000001	0.14000000000000012	2.4879733733161416e-15
0.6200000000000001	0.15999999999999992	3.2320611332710327e-15
0.6400000000000001	0.08000000000000007	1.0541879774053314e-15