-0.43999999999999995	-0.28	1.5053093976907175e-15
-0.43999999999999995	-0.24	2.3185957840885113e-15
-0.43999999999999995	-0.19999999999999996	2.523789301522833e-15
-0.43999999999999995	-0.17999999999999994	1.2662437480538168e-15
-0.43999999999999995	-0.14	1.033631229387214e-15
-0.43999999999999995	0.14000000000000012	1.033631229387214e-15
-0.43999999999999995	0.17999999999999994	1.2662437480538168e-15
-0.43999999999999995	0.19999999999999996	2.523789301522833e-15
-0.43999999999999995	0.24	2.3185957840885113e-15
-0.43999999999999995	0.28	1.5053093976907175e-15
-0.42000000000000004	-0.33999999999999997	1.8797849905173597e-15
-0.42000000000000004	-0.29999999999999993	3.786813001071727e-15
-0.42000000000000004	-0.28	9.822387256946833e-15
-0.42000000000000004	-0.24	1.2983717125536407e-14
-0.42000000000000004	-0.17999999999999994	6.182426746537174e-15
-0.42000000000000004	-0.14	3.715969743656227e-15
-0.42000000000000004	-0.12	1.682195769161022e-15
-0.42000000000000004	0.1200000000000001	1.682195769161022e-15
-0.42000000000000004	0.14000000000000012	3.715969743656227e-15
-0.42000000000000004	0.17999999999999994	6.182426746537174e-15
-0.42000000000000004	0.24	1.2983717125536407e-14
-0.42000000000000004	0.28	9.822387256946833e-15
-0.42000000000000004	0.30000000000000004	3.786813001071727e-15
-0.42000000000000004	0.3400000000000001	1.8797849905173593e-15
-0.4	-0.36	4.527296147796962e-15
-0.4	-0.29999999999999993	2.4637799481244868e-14
-0.4	-0.26	3.095758187632781e-14
-0.4	-0.21999999999999997	3.2143580205086715e-14
-0.4	-0.17999999999999994	2.207878511242332e-14
-0.4	-0.14	1.2259436627567227e-14
-0.4	-0.12	5.1772463136062636e-15
-0.4	0.1200000000000001	5.1772463136062636e-15
-0.4	0.14000000000000012	1.2259436627567227e-14
-0.4	0.17999999999999994	2.207878511242332e-14
-0.4	0.21999999999999997	3.2143580205086715e-14
-0.4	0.26	3.095758187632781e-14
-0.4	0.30000000000000004	2.4637799481244868e-14
-0.4	0.3600000000000001	4.527296147796962e-15
-0.38	-0.38	1.0044215002928125e-14
-0.38	-0.36	3.385560654159293e-14
-0.38	-0.31999999999999995	6.466824333938188e-14
-0.38	-0.29999999999999993	1.4558065932041325e-13
-0.38	-0.26	1.5768421523713817e-13
-0.38	-0.21999999999999997	1.3177540197454448e-13
-0.38	-0.17999999999999994	7.731521274504731e-14
-0.38	-0.14	3.173158446965533e-14
-0.38	-0.12	1.342425366221807e-14
-0.38	-0.05999999999999994	1.3664173613757741e-15
-0.38	0.06000000000000005	1.3664173613757741e-15
-0.38	0.1200000000000001	1.342425366221807e-14
-0.38	0.14000000000000012	3.173158446965533e-14
-0.38	0.17999999999999994	7.731521274504731e-14
-0.38	0.21999999999999997	1.3177540197454448e-13
-0.38	0.26	1.5768421523713817e-13
-0.38	0.30000000000000004	1.4558065932041325e-13
-0.38	0.32000000000000006	6.466824333938188e-14
-0.38	0.3600000000000001	3.385560654159293e-14
-0.38	0.3800000000000001	1.0044215002928125e-14
-0.36	-0.45999999999999996	1.21512410692545e-15
-0.36	-0.4	2.190197524379717e-14
-0.36	-0.38	7.975411465486433e-14
-0.36	-0.33999999999999997	1.5479545722629058e-13
-0.36	-0.31999999999999995	3.782788891484684e-13
-0.36	-0.28	4.5001985506320403e-13
-0.36	-0.26	6.814670178794906e-13
-0.36	-0.21999999999999997	4.912307944264586e-13
-0.36	-0.17999999999999994	2.3215117082900285e-13
-0.36	-0.12	2.993365323715801e-14
-0.36	-0.040000000000000036	1.0482306613145057e-15
-0.36	0.040000000000000036	1.0482306613145057e-15
-0.36	0.1200000000000001	2.993365323715801e-14
-0.36	0.17999999999999994	2.321511708290028e-13
-0.36	0.21999999999999997	4.912307944264586e-13
-0.36	0.26	6.814670178794906e-13
-0.36	0.28	4.5001985506320403e-13
-0.36	0.32000000000000006	3.782788891484684e-13
-0.36	0.3400000000000001	1.5479545722629058e-13
-0.36	0.3800000000000001	7.975411465486433e-14
-0.36	0.40000000000000013	2.190197524379717e-14
-0.36	0.45999999999999996	1.21512410692545e-15
-0.33999999999999997	-0.43999999999999995	1.0170664066023819e-14
-0.33999999999999997	-0.42000000000000004	4.693974804938728e-14
-0.33999999999999997	-0.33999999999999997	9.600610221412311e-13
-0.33999999999999997	-0.28	1.935778897698589e-12
-0.33999999999999997	-0.24	1.4272579530131788e-12
-0.33999999999999997	-0.17999999999999994	6.302807885003874e-13
-0.33999999999999997	-0.16000000000000003	2.5717508032649365e-13
-0.33999999999999997	-0.12	6.656831678370226e-14
-0.33999999999999997	-0.040000000000000036	1.3450203066221848e-15
-0.33999999999999997	0.040000000000000036	1.3450203066221848e-15
-0.33999999999999997	0.1200000000000001	6.656831678370226e-14
-0.33999999999999997	0.15999999999999992	2.5717508032649365e-13
-0.33999999999999997	0.17999999999999994	6.302807885003874e-13
-0.33999999999999997	0.24	1.4272579530131788e-12
-0.33999999999999997	0.28	1.935778897698589e-12
-0.33999999999999997	0.3400000000000001	9.600610221412311e-13
-0.33999999999999997	0.41999999999999993	4.693974804938728e-14
-0.33999999999999997	0.43999999999999995	1.0170664066023819e-14
-0.31999999999999995	-0.48	3.66747623616319e-15
-0.31999999999999995	-0.45999999999999996	2.0052426693076302e-14
-0.31999999999999995	-0.43999999999999995	9.887543609605656e-14
-0.31999999999999995	-0.38	8.948804693310063e-13
-0.31999999999999995	-0.36	2.239666206299909e-12
-0.31999999999999995	-0.29999999999999993	5.311715881273386e-12
-0.31999999999999995	-0.24	4.807461245358129e-12
-0.31999999999999995	-0.19999999999999996	2.041061488411764e-12
-0.31999999999999995	-0.16000000000000003	6.063083941551515e-13
-0.31999999999999995	-0.12	1.2403544056996266e-13
-0.31999999999999995	-0.09999999999999998	4.105000017505309e-14
-0.31999999999999995	-0.040000000000000036	1.596059085902895e-15
-0.31999999999999995	0.040000000000000036	1.596059085902895e-15
-0.31999999999999995	0.10000000000000009	4.105000017505309e-14
-0.31999999999999995	0.1200000000000001	1.2403544056996266e-13
-0.31999999999999995	0.15999999999999992	6.063083941551515e-13
-0.31999999999999995	0.19999999999999996	2.0410614884117645e-12
-0.31999999999999995	0.24	4.807461245358129e-12
-0.31999999999999995	0.30000000000000004	5.311715881273386e-12
-0.31999999999999995	0.3600000000000001	2.239666206299909e-12
-0.31999999999999995	0.3800000000000001	8.948804693310063e-13
-0.31999999999999995	0.43999999999999995	9.887543609605656e-14
-0.31999999999999995	0.45999999999999996	2.0052426693076302e-14
-0.31999999999999995	0.48	3.66747623616319e-15
-0.29999999999999993	-0.52	1.0928129041427172e-15
-0.29999999999999993	-0.5	7.078728014123491e-15
-0.29999999999999993	-0.42000000000000004	5.996497135601912e-13
-0.29999999999999993	-0.4	1.8959023218045126e-12
-0.29999999999999993	-0.38	5.403738010236692e-12
-0.29999999999999993	-0.31999999999999995	1.4289085771898116e-11
-0.29999999999999993	-0.29999999999999993	2.0315658284312673e-11
-0.29999999999999993	-0.26	1.4424834010323893e-11
-0.29999999999999993	-0.24	1.3610349591710862e-11
-0.29999999999999993	-0.19999999999999996	4.6810490804605294e-12
-0.29999999999999993	-0.16000000000000003	1.2038606126055027e-12
-0.29999999999999993	-0.12	1.830647322584967e-13
-0.29999999999999993	-0.09999999999999998	6.619730014066624e-14
-0.29999999999999993	-0.040000000000000036	1.7397618632438987e-15
-0.29999999999999993	0.040000000000000036	1.7397618632438987e-15
-0.29999999999999993	0.10000000000000009	6.619730014066624e-14
-0.29999999999999993	0.1200000000000001	1.830647322584967e-13
-0.29999999999999993	0.15999999999999992	1.2038606126055027e-12
-0.29999999999999993	0.19999999999999996	4.68104908046053e-12
-0.29999999999999993	0.24	1.3610349591710862e-11
-0.29999999999999993	0.26	1.4424834010323893e-11
-0.29999999999999993	0.30000000000000004	2.0315658284312673e-11
-0.29999999999999993	0.32000000000000006	1.4289085771898116e-11
-0.29999999999999993	0.3800000000000001	5.403738010236692e-12
-0.29999999999999993	0.40000000000000013	1.8959023218045126e-12
-0.29999999999999993	0.41999999999999993	5.996497135601912e-13
-0.29999999999999993	0.5	7.078728014123491e-15
-0.29999999999999993	0.52	1.0928129041427172e-15
-0.28	-0.48	6.228869669545575e-14
-0.28	-0.45999999999999996	3.113376482566664e-13
-0.28	-0.43999999999999995	1.2378950904511169e-12
-0.28	-0.42000000000000004	4.186011923562922e-12
-0.28	-0.36	1.9132010600516477e-11
-0.28	-0.33999999999999997	3.716109485075288e-11
-0.28	-0.28	4.4667294546269774e-11
-0.28	-0.26	4.324219176309407e-11
-0.28	-0.21999999999999997	1.7689566696676115e-11
-0.28	-0.19999999999999996	1.1206484395181116e-11
-0.28	-0.16000000000000003	2.0281245928362115e-12
-0.28	-0.12	2.6574675087431587e-13
-0.28	-0.09999999999999998	9.086492892333977e-14
-0.28	-0.040000000000000036	1.6161012796666457e-15
-0.28	0.040000000000000036	1.6161012796666457e-15
-0.28	0.10000000000000009	9.086492892333977e-14
-0.28	0.1200000000000001	2.6574675087431587e-13
-0.28	0.15999999999999992	2.028124592836212e-12
-0.28	0.19999999999999996	1.1206484395181116e-11
-0.28	0.21999999999999997	1.7689566696676115e-11
-0.28	0.26	4.324219176309407e-11
-0.28	0.28	4.4667294546269774e-11
-0.28	0.3400000000000001	3.716109485075288e-11
-0.28	0.3600000000000001	1.9132010600516477e-11
-0.28	0.41999999999999993	4.186011923562922e-12
-0.28	0.43999999999999995	1.2378950904511169e-12
-0.28	0.45999999999999996	3.113376482566664e-13
-0.28	0.48	6.228869669545575e-14
-0.26	-0.54	2.9013395001375943e-15
-0.26	-0.52	2.006417391396972e-14
-0.26	-0.5	1.2476405260832277e-13
-0.26	-0.4	1.956631742465689e-11
-0.26	-0.38	4.8213973378103405e-11
-0.26	-0.36	9.421632532658037e-11
-0.26	-0.29999999999999993	1.2581830944685676e-10
-0.26	-0.28	1.317469300596966e-10
-0.26	-0.21999999999999997	3.9272244219957374e-11
-0.26	-0.17999999999999994	9.157170821452033e-12
-0.26	-0.14	1.2904555844669492e-12
-0.26	-0.09999999999999998	1.0615380835058718e-13
-0.26	-0.040000000000000036	1.3788862781264884e-15
-0.26	0.040000000000000036	1.3788862781264884e-15
-0.26	0.10000000000000009	1.0615380835058718e-13
-0.26	0.14000000000000012	1.2904555844669492e-12
-0.26	0.17999999999999994	9.157170821452033e-12
-0.26	0.21999999999999997	3.9272244219957374e-11
-0.26	0.28	1.317469300596966e-10
-0.26	0.30000000000000004	1.2581830944685676e-10
-0.26	0.3600000000000001	9.421632532658037e-11
-0.26	0.3800000000000001	4.8213973378103405e-11
-0.26	0.40000000000000013	1.956631742465689e-11
-0.26	0.5	1.2476405260832277e-13
-0.26	0.52	2.006417391396972e-14
-0.26	0.54	2.9013395001375943e-15
-0.24	-0.48	9.334952105898855e-13
-0.24	-0.45999999999999996	3.986934052294377e-12
-0.24	-0.43999999999999995	1.4482531087121417e-11
-0.24	-0.42000000000000004	4.214009821733851e-11
-0.24	-0.33999999999999997	2.5668580985014084e-10
-0.24	-0.31999999999999995	3.667012474346314e-10
-0.24	-0.29999999999999993	3.88366414244212e-10
-0.24	-0.24	1.3935132312999018e-10
-0.24	-0.17999999999999994	1.4969131681689925e-11
-0.24	-0.14	1.844688388810144e-12
-0.24	-0.09999999999999998	1.23028607294918e-13
-0.24	-0.040000000000000036	1.0873127217164882e-15
-0.24	0.040000000000000036	1.0873127217164882e-15
-0.24	0.10000000000000009	1.23028607294918e-13
-0.24	0.14000000000000012	1.844688388810144e-12
-0.24	0.17999999999999994	1.4969131681689925e-11
-0.24	0.24	1.3935132312999015e-10
-0.24	0.30000000000000004	3.88366414244212e-10
-0.24	0.32000000000000006	3.667012474346313e-10
-0.24	0.3400000000000001	2.5668580985014084e-10
-0.24	0.41999999999999993	4.214009821733851e-11
-0.24	0.43999999999999995	1.4482531087121417e-11
-0.24	0.45999999999999996	3.986934052294377e-12
-0.24	0.48	9.334952105898855e-13
-0.21999999999999997	-0.56	7.417417993767102e-15
-0.21999999999999997	-0.54	5.4700370059270003e-14
-0.21999999999999997	-0.52	3.4239485774980406e-13
-0.21999999999999997	-0.4	1.765331456166729e-10
-0.21999999999999997	-0.38	3.739872248972513e-10
-0.21999999999999997	-0.36	6.739276291368768e-10
-0.21999999999999997	-0.28	7.001978093366393e-10
-0.21999999999999997	-0.26	5.071645599061823e-10
-0.21999999999999997	-0.19999999999999996	7.174159414165154e-11
-0.21999999999999997	-0.17999999999999994	2.3294229266339836e-11
-0.21999999999999997	-0.14	2.3884608301725132e-12
-0.21999999999999997	-0.09999999999999998	1.187428881344494e-13
-0.21999999999999997	0.10000000000000009	1.187428881344494e-13
-0.21999999999999997	0.14000000000000012	2.3884608301725132e-12
-0.21999999999999997	0.17999999999999994	2.3294229266339836e-11
-0.21999999999999997	0.19999999999999996	7.174159414165154e-11
-0.21999999999999997	0.26	5.071645599061823e-10
-0.21999999999999997	0.28	7.001978093366393e-10
-0.21999999999999997	0.3600000000000001	6.739276291368768e-10
-0.21999999999999997	0.3800000000000001	3.739872248972513e-10
-0.21999999999999997	0.40000000000000013	1.765331456166729e-10
-0.21999999999999997	0.52	3.4239485774980406e-13
-0.21999999999999997	0.54	5.4700370059270003e-14
-0.21999999999999997	0.56	7.417417993767102e-15
-0.19999999999999996	-0.54	7.983856513242747e-14
-0.19999999999999996	-0.52	5.024324378332263e-13
-0.19999999999999996	-0.5	2.8381451260200106e-12
-0.19999999999999996	-0.48	1.2238654497910429e-11
-0.19999999999999996	-0.45999999999999996	4.488603148043699e-11
-0.19999999999999996	-0.43999999999999995	1.4782356623963396e-10
-0.19999999999999996	-0.31999999999999995	2.023400795708427e-9
-0.19999999999999996	-0.29999999999999993	1.9910719709928725e-9
-0.19999999999999996	-0.28	1.6500987193552264e-9
-0.19999999999999996	-0.21999999999999997	3.042541794302788e-10
-0.19999999999999996	-0.19999999999999996	1.0961763325053837e-10
-0.19999999999999996	-0.16000000000000003	1.275360828901965e-11
-0.19999999999999996	-0.14	2.7435490126548316e-12
-0.19999999999999996	-0.09999999999999998	1.1300010612476486e-13
-0.19999999999999996	-0.07999999999999996	2.662984427996795e-14
-0.19999999999999996	0.08000000000000007	2.662984427996795e-14
-0.19999999999999996	0.10000000000000009	1.1300010612476486e-13
-0.19999999999999996	0.14000000000000012	2.7435490126548316e-12
-0.19999999999999996	0.15999999999999992	1.2753608289019654e-11
-0.19999999999999996	0.19999999999999996	1.0961763325053837e-10
-0.19999999999999996	0.21999999999999997	3.042541794302788e-10
-0.19999999999999996	0.28	1.6500987193552264e-9
-0.19999999999999996	0.30000000000000004	1.9910719709928725e-9
-0.19999999999999996	0.32000000000000006	2.023400795708427e-9
-0.19999999999999996	0.43999999999999995	1.4782356623963396e-10
-0.19999999999999996	0.45999999999999996	4.488603148043699e-11
-0.19999999999999996	0.48	1.2238654497910429e-11
-0.19999999999999996	0.5	2.8381451260200106e-12
-0.19999999999999996	0.52	5.024324378332263e-13
-0.19999999999999996	0.54	7.983856513242747e-14
-0.17999999999999994	-0.43999999999999995	2.299768230236948e-10
-0.17999999999999994	-0.42000000000000004	6.484618411602827e-10
-0.17999999999999994	-0.4	1.4702236246142243e-9
-0.17999999999999994	-0.38	2.6870649231269045e-9
-0.17999999999999994	-0.36	4.1513155101513564e-9
-0.17999999999999994	-0.33999999999999997	5.4539533217186796e-9
-0.17999999999999994	-0.26	2.1525082673990356e-9
-0.17999999999999994	-0.24	1.1495023250759814e-9
-0.17999999999999994	-0.21999999999999997	4.807091342349099e-10
-0.17999999999999994	-0.16000000000000003	1.7755325261436227e-11
-0.17999999999999994	-0.12	9.42261823799065e-13
-0.17999999999999994	-0.07999999999999996	2.059910797509653e-14
-0.17999999999999994	0.08000000000000007	2.059910797509653e-14
-0.17999999999999994	0.1200000000000001	9.422618237990647e-13
-0.17999999999999994	0.15999999999999992	1.7755325261436224e-11
-0.17999999999999994	0.21999999999999997	4.807091342349099e-10
-0.17999999999999994	0.24	1.1495023250759816e-9
-0.17999999999999994	0.26	2.1525082673990356e-9
-0.17999999999999994	0.3400000000000001	5.4539533217186796e-9
-0.17999999999999994	0.3600000000000001	4.1513155101513564e-9
-0.17999999999999994	0.3800000000000001	2.6870649231269045e-9
-0.17999999999999994	0.40000000000000013	1.4702236246142243e-9
-0.17999999999999994	0.41999999999999993	6.484618411602827e-10
-0.17999999999999994	0.43999999999999995	2.299768230236948e-10
-0.16000000000000003	-0.6	3.0251730884192865e-15
-0.16000000000000003	-0.5800000000000001	2.7789477716997974e-14
-0.16000000000000003	-0.56	2.174276730196822e-13
-0.16000000000000003	-0.54	1.374016687914863e-12
-0.16000000000000003	-0.52	7.796959387389699e-12
-0.16000000000000003	-0.33999999999999997	1.0196655935388957e-8
-0.16000000000000003	-0.31999999999999995	1.1504499189852754e-8
-0.16000000000000003	-0.29999999999999993	9.843684578475424e-9
-0.16000000000000003	-0.28	7.0824590255164755e-9
-0.16000000000000003	-0.19999999999999996	3.9034153015663943e-10
-0.16000000000000003	-0.17999999999999994	1.0531108245544079e-10
-0.16000000000000003	-0.12	9.246611539993345e-13
-0.16000000000000003	-0.07999999999999996	1.717345175880587e-14
-0.16000000000000003	0.08000000000000007	1.7173451758805868e-14
-0.16000000000000003	0.1200000000000001	9.246611539993345e-13
-0.16000000000000003	0.17999999999999994	1.0531108245544077e-10
-0.16000000000000003	0.19999999999999996	3.9034153015663953e-10
-0.16000000000000003	0.28	7.082459025516475e-9
-0.16000000000000003	0.30000000000000004	9.843684578475423e-9
-0.16000000000000003	0.32000000000000006	1.1504499189852754e-8
-0.16000000000000003	0.3400000000000001	1.0196655935388957e-8
-0.16000000000000003	0.52	7.796959387389699e-12
-0.16000000000000003	0.54	1.374016687914863e-12
-0.16000000000000003	0.56	2.174276730196822e-13
-0.16000000000000003	0.5800000000000001	2.7789477716997974e-14
-0.16000000000000003	0.6000000000000001	3.0251730884192865e-15
-0.14	-0.6	4.3062791067397124e-15
-0.14	-0.5800000000000001	3.962389888826352e-14
-0.14	-0.56	3.1053924358544117e-13
-0.14	-0.54	2.0729079965735198e-12
-0.14	-0.52	1.1211075467161761e-11
-0.14	-0.5	5.427756524033716e-11
-0.14	-0.48	2.238193947832774e-10
-0.14	-0.45999999999999996	7.478425540208154e-10
-0.14	-0.43999999999999995	2.117820730259135e-9
-0.14	-0.42000000000000004	5.393501194905305e-9
-0.14	-0.4	1.0520945036981345e-8
-0.14	-0.26	9.2191905870602e-9
-0.14	-0.24	4.869788923947255e-9
-0.14	-0.21999999999999997	1.808547173260622e-9
-0.14	-0.19999999999999996	5.61490524959356e-10
-0.14	-0.14	8.569136071902993e-12
-0.14	-0.12	8.987812203049529e-13
-0.14	-0.07999999999999996	1.2546623912470881e-14
-0.14	0.08000000000000007	1.254662391247088e-14
-0.14	0.1200000000000001	8.987812203049529e-13
-0.14	0.14000000000000012	8.569136071902994e-12
-0.14	0.19999999999999996	5.61490524959356e-10
-0.14	0.21999999999999997	1.8085471732606218e-9
-0.14	0.24	4.869788923947255e-9
-0.14	0.26	9.2191905870602e-9
-0.14	0.40000000000000013	1.0520945036981345e-8
-0.14	0.41999999999999993	5.393501194905305e-9
-0.14	0.43999999999999995	2.117820730259135e-9
-0.14	0.45999999999999996	7.478425540208154e-10
-0.14	0.48	2.238193947832774e-10
-0.14	0.5	5.427756524033716e-11
-0.14	0.52	1.1211075467161761e-11
-0.14	0.54	2.0729079965735198e-12
-0.14	0.56	3.1053924358544117e-13
-0.14	0.5800000000000001	3.962389888826352e-14
-0.14	0.6000000000000001	4.3062791067397124e-15
-0.12	-0.45999999999999996	1.2475693917031347e-9
-0.12	-0.43999999999999995	3.557816064875674e-9
-0.12	-0.42000000000000004	9.082556441625373e-9
-0.12	-0.4	1.780238285404011e-8
-0.12	-0.38	3.134283500680935e-8
-0.12	-0.36	4.446231562470137e-8
-0.12	-0.33999999999999997	5.364441371984041e-8
-0.12	-0.31999999999999995	5.504724069922323e-8
-0.12	-0.29999999999999993	4.309088789272425e-8
-0.12	-0.28	3.016999481608141e-8
-0.12	-0.17999999999999994	3.7108399981456473e-10
-0.12	-0.16000000000000003	7.076344335834983e-11
-0.12	-0.14	9.600477806519712e-12
-0.12	-0.09999999999999998	2.3910686662428586e-13
-0.12	-0.07999999999999996	1.0679042548985232e-14
-0.12	0.08000000000000007	1.0679042548985232e-14
-0.12	0.10000000000000009	2.391068666242858e-13
-0.12	0.14000000000000012	9.60047780651971e-12
-0.12	0.15999999999999992	7.076344335834983e-11
-0.12	0.17999999999999994	3.7108399981456483e-10
-0.12	0.28	3.016999481608141e-8
-0.12	0.30000000000000004	4.309088789272425e-8
-0.12	0.32000000000000006	5.5047240699223237e-8
-0.12	0.3400000000000001	5.364441371984041e-8
-0.12	0.3600000000000001	4.446231562470137e-8
-0.12	0.3800000000000001	3.1342835006809346e-8
-0.12	0.40000000000000013	1.780238285404011e-8
-0.12	0.41999999999999993	9.082556441625373e-9
-0.12	0.43999999999999995	3.557816064875674e-9
-0.12	0.45999999999999996	1.2475693917031347e-9
-0.09999999999999998	-0.31999999999999995	1.0369912346614458e-7
-0.09999999999999998	-0.29999999999999993	9.134485784151741e-8
-0.09999999999999998	-0.28	6.81954153608369e-8
-0.09999999999999998	-0.26	3.6949979465418346e-8
-0.09999999999999998	-0.24	1.7860919117799123e-8
-0.09999999999999998	-0.21999999999999997	6.959917849167873e-9
-0.09999999999999998	-0.19999999999999996	2.033225824900274e-9
-0.09999999999999998	-0.12	3.764619214435986e-12
-0.09999999999999998	-0.09999999999999998	2.5685081003969185e-13
-0.09999999999999998	-0.05999999999999994	1.3165827016224235e-15
-0.09999999999999998	0.06000000000000005	1.3165827016224235e-15
-0.09999999999999998	0.10000000000000009	2.568508100396919e-13
-0.09999999999999998	0.1200000000000001	3.764619214435986e-12
-0.09999999999999998	0.19999999999999996	2.033225824900274e-9
-0.09999999999999998	0.21999999999999997	6.959917849167873e-9
-0.09999999999999998	0.24	1.7860919117799123e-8
-0.09999999999999998	0.26	3.6949979465418346e-8
-0.09999999999999998	0.28	6.81954153608369e-8
-0.09999999999999998	0.30000000000000004	9.134485784151741e-8
-0.09999999999999998	0.32000000000000006	1.0369912346614458e-7
-0.07999999999999996	-0.64	1.1621886881510937e-15
-0.07999999999999996	-0.19999999999999996	6.143505055155446e-9
-0.07999999999999996	-0.17999999999999994	1.5703080094497855e-9
-0.07999999999999996	-0.16000000000000003	3.011677802400139e-10
-0.07999999999999996	-0.14	4.3255349290412946e-11
-0.07999999999999996	-0.12	4.245063711573599e-12
-0.07999999999999996	0.1200000000000001	4.245063711573598e-12
-0.07999999999999996	0.14000000000000012	4.325534929041293e-11
-0.07999999999999996	0.15999999999999992	3.011677802400139e-10
-0.07999999999999996	0.17999999999999994	1.5703080094497855e-9
-0.07999999999999996	0.19999999999999996	6.143505055155446e-9
-0.07999999999999996	0.6400000000000001	1.1621886881510937e-15
-0.05999999999999994	-0.64	1.6154465407082767e-15
-0.05999999999999994	-0.62	1.9290474295497212e-14
-0.05999999999999994	-0.6	1.8717686059586385e-13
-0.05999999999999994	-0.5800000000000001	1.5506459688838921e-12
-0.05999999999999994	-0.56	1.092291365347444e-11
-0.05999999999999994	-0.54	6.569394293336626e-11
-0.05999999999999994	-0.52	3.359446606027261e-10
-0.05999999999999994	-0.5	1.4668338683798113e-9
-0.05999999999999994	-0.48	5.4455266284465105e-9
-0.05999999999999994	-0.45999999999999996	1.7261536656860263e-8
-0.05999999999999994	-0.43999999999999995	4.440601101947696e-8
-0.05999999999999994	-0.42000000000000004	1.0195789193968548e-7
-0.05999999999999994	-0.4	1.9032288711264248e-7
-0.05999999999999994	-0.38	3.025975718628794e-7
-0.05999999999999994	-0.09999999999999998	1.9215564640273245e-12
-0.05999999999999994	0.10000000000000009	1.9215564640273245e-12
-0.05999999999999994	0.3800000000000001	3.025975718628794e-7
-0.05999999999999994	0.40000000000000013	1.9032288711264248e-7
-0.05999999999999994	0.41999999999999993	1.0195789193968548e-7
-0.05999999999999994	0.43999999999999995	4.440601101947696e-8
-0.05999999999999994	0.45999999999999996	1.7261536656860263e-8
-0.05999999999999994	0.48	5.4455266284465105e-9
-0.05999999999999994	0.5	1.4668338683798113e-9
-0.05999999999999994	0.52	3.359446606027261e-10
-0.05999999999999994	0.54	6.569394293336626e-11
-0.05999999999999994	0.56	1.092291365347444e-11
-0.05999999999999994	0.5800000000000001	1.5506459688838921e-12
-0.05999999999999994	0.6000000000000001	1.8717686059586385e-13
-0.05999999999999994	0.6200000000000001	1.9290474295497212e-14
-0.05999999999999994	0.6400000000000001	1.6154465407082767e-15
-0.040000000000000036	-0.64	2.33391294592097e-15
-0.040000000000000036	-0.62	2.660219449064929e-14
-0.040000000000000036	-0.6	2.588588749623707e-13
-0.040000000000000036	-0.5800000000000001	2.244600938913695e-12
-0.040000000000000036	-0.56	1.658548225734573e-11
-0.040000000000000036	-0.54	9.52765972360172e-11
-0.040000000000000036	-0.52	5.11211915207896e-10
-0.040000000000000036	-0.5	2.3373759987704163e-9
-0.040000000000000036	-0.48	8.304562483455e-9
-0.040000000000000036	-0.45999999999999996	2.7572118437241807e-8
-0.040000000000000036	-0.43999999999999995	7.460457942666529e-8
-0.040000000000000036	-0.42000000000000004	1.7141728658280527e-7
-0.040000000000000036	-0.4	3.3672820452021425e-7
-0.040000000000000036	-0.38	5.369312452779553e-7
-0.040000000000000036	-0.36	8.010072926409377e-7
-0.040000000000000036	-0.33999999999999997	9.270280051017732e-7
-0.040000000000000036	-0.31999999999999995	9.138050564483347e-7
-0.040000000000000036	-0.29999999999999993	7.672176371925002e-7
-0.040000000000000036	-0.28	5.486405685345638e-7
-0.040000000000000036	-0.26	3.341654736645056e-7
-0.040000000000000036	-0.24	1.6560602874635874e-7
-0.040000000000000036	-0.21999999999999997	6.636501689752927e-8
-0.040000000000000036	-0.19999999999999996	2.2619402681757752e-8
-0.040000000000000036	-0.17999999999999994	6.220746805177664e-9
-0.040000000000000036	-0.16000000000000003	1.380988744004684e-9
-0.040000000000000036	0.15999999999999992	1.380988744004684e-9
-0.040000000000000036	0.17999999999999994	6.220746805177664e-9
-0.040000000000000036	0.19999999999999996	2.2619402681757752e-8
-0.040000000000000036	0.21999999999999997	6.636501689752927e-8
-0.040000000000000036	0.24	1.6560602874635874e-7
-0.040000000000000036	0.26	3.341654736645056e-7
-0.040000000000000036	0.28	5.48640568534564e-7
-0.040000000000000036	0.30000000000000004	7.672176371925002e-7
-0.040000000000000036	0.32000000000000006	9.138050564483347e-7
-0.040000000000000036	0.3400000000000001	9.270280051017733e-7
-0.040000000000000036	0.3600000000000001	8.010072926409377e-7
-0.040000000000000036	0.3800000000000001	5.369312452779553e-7
-0.040000000000000036	0.40000000000000013	3.3672820452021425e-7
-0.040000000000000036	0.41999999999999993	1.7141728658280527e-7
-0.040000000000000036	0.43999999999999995	7.460457942666527e-8
-0.040000000000000036	0.45999999999999996	2.7572118437241807e-8
-0.040000000000000036	0.48	8.304562483455e-9
-0.040000000000000036	0.5	2.3373759987704163e-9
-0.040000000000000036	0.52	5.11211915207896e-10
-0.040000000000000036	0.54	9.52765972360172e-11
-0.040000000000000036	0.56	1.658548225734573e-11
-0.040000000000000036	0.5800000000000001	2.244600938913695e-12
-0.040000000000000036	0.6000000000000001	2.588588749623707e-13
-0.040000000000000036	0.6200000000000001	2.660219449064929e-14
-0.040000000000000036	0.6400000000000001	2.33391294592097e-15
-0.020000000000000018	-0.64	3.0601191607969722e-15
-0.020000000000000018	-0.62	3.654169204920326e-14
-0.020000000000000018	-0.6	3.718363568855224e-13
-0.020000000000000018	-0.5800000000000001	3.2242442369759068e-12
-0.020000000000000018	-0.56	2.3824121543668887e-11
-0.020000000000000018	-0.54	1.5000949283506077e-10
-0.020000000000000018	-0.52	7.707985076995687e-10
-0.020000000000000018	-0.5	3.524264357281942e-9
-0.020000000000000018	-0.48	1.3106667770759815e-8
-0.020000000000000018	-0.45999999999999996	4.351566946638511e-8
-0.020000000000000018	-0.43999999999999995	1.1787530667784172e-7
-0.020000000000000018	-0.42000000000000004	2.841855422634483e-7
-0.020000000000000018	-0.4	5.838402160108696e-7
-0.020000000000000018	-0.38	9.336510186658055e-7
-0.020000000000000018	-0.36	1.39284364862358e-6
-0.020000000000000018	-0.33999999999999997	1.695838181099693e-6
-0.020000000000000018	-0.31999999999999995	1.8370795704547251e-6
-0.020000000000000018	-0.29999999999999993	1.5479904874347678e-6
-0.020000000000000018	-0.28	1.2176924460821867e-6
-0.020000000000000018	-0.26	7.447237278241239e-7
-0.020000000000000018	-0.24	4.074762114392675e-7
-0.020000000000000018	-0.21999999999999997	1.808369703859112e-7
-0.020000000000000018	-0.19999999999999996	6.835599915222323e-8
-0.020000000000000018	-0.17999999999999994	2.108012243644043e-8
-0.020000000000000018	-0.16000000000000003	5.538186876660331e-9
-0.020000000000000018	-0.14	1.1756194090963645e-9
-0.020000000000000018	-0.12	1.9498273232386883e-10
-0.020000000000000018	0.1200000000000001	1.9498273232386883e-10
-0.020000000000000018	0.14000000000000012	1.1756194090963645e-9
-0.020000000000000018	0.15999999999999992	5.538186876660332e-9
-0.020000000000000018	0.17999999999999994	2.108012243644043e-8
-0.020000000000000018	0.19999999999999996	6.835599915222323e-8
-0.020000000000000018	0.21999999999999997	1.808369703859112e-7
-0.020000000000000018	0.24	4.0747621143926743e-7
-0.020000000000000018	0.26	7.447237278241239e-7
-0.020000000000000018	0.28	1.2176924460821867e-6
-0.020000000000000018	0.30000000000000004	1.5479904874347676e-6
-0.020000000000000018	0.32000000000000006	1.8370795704547251e-6
-0.020000000000000018	0.3400000000000001	1.695838181099693e-6
-0.020000000000000018	0.3600000000000001	1.39284364862358e-6
-0.020000000000000018	0.3800000000000001	9.336510186658055e-7
-0.020000000000000018	0.40000000000000013	5.838402160108696e-7
-0.020000000000000018	0.41999999999999993	2.841855422634483e-7
-0.020000000000000018	0.43999999999999995	1.1787530667784173e-7
-0.020000000000000018	0.45999999999999996	4.351566946638511e-8
-0.020000000000000018	0.48	1.3106667770759815e-8
-0.020000000000000018	0.5	3.524264357281942e-9
-0.020000000000000018	0.52	7.707985076995687e-10
-0.020000000000000018	0.54	1.5000949283506077e-10
-0.020000000000000018	0.56	2.3824121543668887e-11
-0.020000000000000018	0.5800000000000001	3.2242442369759068e-12
-0.020000000000000018	0.6000000000000001	3.718363568855224e-13
-0.020000000000000018	0.6200000000000001	3.654169204920326e-14
-0.020000000000000018	0.6400000000000001	3.0601191607969722e-15
0.	-0.64	4.36203791816218e-15
0.	-0.62	5.208824818145888e-14
0.	-0.6	5.300330486684424e-13
0.	-0.5800000000000001	4.595989528539121e-12
0.	-0.56	3.3960024456473436e-11
0.	-0.54	2.1383059333558614e-10
0.	-0.52	1.1473200168803096e-9
0.	-0.5	5.245805488071075e-9
0.	-0.48	2.043867220514314e-8
0.	-0.45999999999999996	6.78587814665605e-8
0.	-0.43999999999999995	1.919872190983573e-7
0.	-0.42000000000000004	4.628619301600875e-7
0.	-0.4	9.509189212636153e-7
0.	-0.38	1.6707466905281387e-6
0.	-0.36	2.4924611764322947e-6
0.	-0.33999999999999997	3.168539152748644e-6
0.	-0.31999999999999995	3.4324374875943784e-6
0.	-0.29999999999999993	3.1685391527486373e-6
0.	-0.28	2.492461176432295e-6
0.	-0.26	1.670746690528143e-6
0.	-0.24	9.543456530250838e-7
0.	-0.21999999999999997	4.673156518852363e-7
0.	-0.19999999999999996	1.93834546763335e-7
0.	-0.17999999999999994	6.851172807885875e-8
0.	-0.16000000000000003	2.0808089935444263e-8
0.	-0.14	5.3406205297505825e-9
0.	-0.12	1.180577324506403e-9
0.	0.1200000000000001	1.180577324506403e-9
0.	0.14000000000000012	5.3406205297505825e-9
0.	0.15999999999999992	2.0808089935444266e-8
0.	0.17999999999999994	6.851172807885875e-8
0.	0.19999999999999996	1.9383454676333506e-7
0.	0.21999999999999997	4.673156518852363e-7
0.	0.24	9.543456530250838e-7
0.	0.26	1.670746690528143e-6
0.	0.28	2.4924611764322956e-6
0.	0.30000000000000004	3.1685391527486378e-6
0.	0.32000000000000006	3.4324374875943788e-6
0.	0.3400000000000001	3.168539152748644e-6
0.	0.3600000000000001	2.4924611764322943e-6
0.	0.3800000000000001	1.6707466905281387e-6
0.	0.40000000000000013	9.509189212636153e-7
0.	0.41999999999999993	4.628619301600875e-7
0.	0.43999999999999995	1.919872190983573e-7
0.	0.45999999999999996	6.78587814665605e-8
0.	0.48	2.043867220514314e-8
0.	0.5	5.245805488071075e-9
0.	0.52	1.1473200168803096e-9
0.	0.54	2.1383059333558614e-10
0.	0.56	3.3960024456473436e-11
0.	0.5800000000000001	4.595989528539121e-12
0.	0.6000000000000001	5.300330486684424e-13
0.	0.6200000000000001	5.208824818145888e-14
0.	0.6400000000000001	4.36203791816218e-15
0.020000000000000018	-0.64	6.17025114171987e-15
0.020000000000000018	-0.62	7.368060040781258e-14
0.020000000000000018	-0.6	7.497497924258357e-13
0.020000000000000018	-0.5800000000000001	6.501183659528817e-12
0.020000000000000018	-0.56	4.8037610769709784e-11
0.020000000000000018	-0.54	3.0247065417978405e-10
0.020000000000000018	-0.52	1.6963187509156184e-9
0.020000000000000018	-0.5	7.75595133192846e-9
0.020000000000000018	-0.48	3.149183154048836e-8
0.020000000000000018	-0.45999999999999996	1.0455656282554343e-7
0.020000000000000018	-0.43999999999999995	3.0911162901876445e-7
0.020000000000000018	-0.42000000000000004	7.452371356514867e-7
0.020000000000000018	-0.4	1.531039921287538e-6
0.020000000000000018	-0.38	2.9174471283108887e-6
0.020000000000000018	-0.36	4.352319680076787e-6
0.020000000000000018	-0.33999999999999997	5.7825171864065805e-6
0.020000000000000018	-0.31999999999999995	6.2641260866424455e-6
0.020000000000000018	-0.29999999999999993	6.289345562730154e-6
0.020000000000000018	-0.28	4.947374447518853e-6
0.020000000000000018	-0.26	3.6052634659871237e-6
0.020000000000000018	-0.24	2.1519752248120782e-6
0.020000000000000018	-0.21999999999999997	1.1378882183503315e-6
0.020000000000000018	-0.19999999999999996	5.124675671206394e-7
0.020000000000000018	-0.17999999999999994	2.0532734020265034e-7
0.020000000000000018	-0.16000000000000003	7.005510032077472e-8
0.020000000000000018	-0.14	2.1103227495263963e-8
0.020000000000000018	-0.12	5.891503520295776e-9
0.020000000000000018	0.1200000000000001	5.891503520295775e-9
0.020000000000000018	0.14000000000000012	2.1103227495263963e-8
0.020000000000000018	0.15999999999999992	7.005510032077472e-8
0.020000000000000018	0.17999999999999994	2.0532734020265034e-7
0.020000000000000018	0.19999999999999996	5.124675671206394e-7
0.020000000000000018	0.21999999999999997	1.1378882183503315e-6
0.020000000000000018	0.24	2.1519752248120782e-6
0.020000000000000018	0.26	3.6052634659871237e-6
0.020000000000000018	0.28	4.947374447518853e-6
0.020000000000000018	0.30000000000000004	6.289345562730154e-6
0.020000000000000018	0.32000000000000006	6.2641260866424455e-6
0.020000000000000018	0.3400000000000001	5.78251718640658e-6
0.020000000000000018	0.3600000000000001	4.352319680076787e-6
0.020000000000000018	0.3800000000000001	2.9174471283108887e-6
0.020000000000000018	0.40000000000000013	1.531039921287538e-6
0.020000000000000018	0.41999999999999993	7.452371356514867e-7
0.020000000000000018	0.43999999999999995	3.0911162901876445e-7
0.020000000000000018	0.45999999999999996	1.0455656282554343e-7
0.020000000000000018	0.48	3.149183154048836e-8
0.020000000000000018	0.5	7.75595133192846e-9
0.020000000000000018	0.52	1.6963187509156184e-9
0.020000000000000018	0.54	3.0247065417978405e-10
0.020000000000000018	0.56	4.8037610769709784e-11
0.020000000000000018	0.5800000000000001	6.501183659528817e-12
0.020000000000000018	0.6000000000000001	7.497497924258357e-13
0.020000000000000018	0.6200000000000001	7.368060040781258e-14
0.020000000000000018	0.6400000000000001	6.17025114171987e-15
0.040000000000000036	-0.64	7.962923308531501e-15
0.040000000000000036	-0.62	9.909333712132824e-14
0.040000000000000036	-0.6	1.0524272029197838e-12
0.040000000000000036	-0.5800000000000001	9.125741152029081e-12
0.040000000000000036	-0.56	6.743061331666307e-11
0.040000000000000036	-0.54	4.615899766643622e-10
0.040000000000000036	-0.52	2.4766868555015248e-9
0.040000000000000036	-0.5	1.1323970041201466e-8
0.040000000000000036	-0.48	4.794330999877226e-8
0.040000000000000036	-0.45999999999999996	1.5917739485892725e-7
0.040000000000000036	-0.43999999999999995	4.6998884293847155e-7
0.040000000000000036	-0.42000000000000004	1.1792530258907903e-6
0.040000000000000036	-0.4	2.5277112854351273e-6
0.040000000000000036	-0.38	4.802778535952304e-6
0.040000000000000036	-0.36	7.164903637235041e-6
0.040000000000000036	-0.33999999999999997	9.880812291771722e-6
0.040000000000000036	-0.31999999999999995	0.000011605911718655753
0.040000000000000036	-0.29999999999999993	0.000011611015241254049
0.040000000000000036	-0.28	9.893852833868372e-6
0.040000000000000036	-0.26	7.18067078334615e-6
0.040000000000000036	-0.24	4.624496315051022e-6
0.040000000000000036	-0.21999999999999997	2.6310966603251512e-6
0.040000000000000036	-0.19999999999999996	1.2731747790227225e-6
0.040000000000000036	-0.17999999999999994	5.433169572124459e-7
0.040000000000000036	-0.16000000000000003	2.0439614493480138e-7
0.040000000000000036	0.15999999999999992	2.0439614493480138e-7
0.040000000000000036	0.17999999999999994	5.433169572124459e-7
0.040000000000000036	0.19999999999999996	1.2731747790227225e-6
0.040000000000000036	0.21999999999999997	2.631096660325151e-6
0.040000000000000036	0.24	4.624496315051022e-6
0.040000000000000036	0.26	7.18067078334615e-6
0.040000000000000036	0.28	9.893852833868372e-6
0.040000000000000036	0.30000000000000004	0.000011611015241254049
0.040000000000000036	0.32000000000000006	0.000011605911718655753
0.040000000000000036	0.3400000000000001	9.880812291771722e-6
0.040000000000000036	0.3600000000000001	7.164903637235041e-6
0.040000000000000036	0.3800000000000001	4.802778535952303e-6
0.040000000000000036	0.40000000000000013	2.5277112854351273e-6
0.040000000000000036	0.41999999999999993	1.1792530258907903e-6
0.040000000000000036	0.43999999999999995	4.6998884293847155e-7
0.040000000000000036	0.45999999999999996	1.5917739485892725e-7
0.040000000000000036	0.48	4.794330999877226e-8
0.040000000000000036	0.5	1.1323970041201466e-8
0.040000000000000036	0.52	2.4766868555015248e-9
0.040000000000000036	0.54	4.615899766643622e-10
0.040000000000000036	0.56	6.743061331666307e-11
0.040000000000000036	0.5800000000000001	9.125741152029081e-12
0.040000000000000036	0.6000000000000001	1.0524272029197838e-12
0.040000000000000036	0.6200000000000001	9.909333712132824e-14
0.040000000000000036	0.6400000000000001	7.962923308531501e-15
0.06000000000000005	-0.64	1.1113349530094222e-14
0.06000000000000005	-0.62	1.3270744530683463e-13
0.06000000000000005	-0.6	1.405983454667703e-12
0.06000000000000005	-0.5800000000000001	1.27117740081063e-11
0.06000000000000005	-0.56	9.777252183477354e-11
0.06000000000000005	-0.54	6.417412612948352e-10
0.06000000000000005	-0.52	3.5834085432546255e-9
0.06000000000000005	-0.5	1.7074841833921252e-8
0.06000000000000005	-0.48	6.921795006137942e-8
0.06000000000000005	-0.45999999999999996	2.3943980002952995e-7
0.06000000000000005	-0.43999999999999995	7.340062779624265e-7
0.06000000000000005	-0.42000000000000004	1.840349151514943e-6
0.06000000000000005	-0.4	4.093743806003756e-6
0.06000000000000005	-0.38	7.756134778353781e-6
0.06000000000000005	-0.09999999999999998	1.0813603609097106e-7
0.06000000000000005	0.10000000000000009	1.0813603609097106e-7
0.06000000000000005	0.3800000000000001	7.756134778353781e-6
0.06000000000000005	0.40000000000000013	4.093743806003756e-6
0.06000000000000005	0.41999999999999993	1.840349151514943e-6
0.06000000000000005	0.43999999999999995	7.340062779624265e-7
0.06000000000000005	0.45999999999999996	2.3943980002952995e-7
0.06000000000000005	0.48	6.921795006137942e-8
0.06000000000000005	0.5	1.7074841833921252e-8
0.06000000000000005	0.52	3.5834085432546255e-9
0.06000000000000005	0.54	6.417412612948352e-10
0.06000000000000005	0.56	9.777252183477354e-11
0.06000000000000005	0.5800000000000001	1.27117740081063e-11
0.06000000000000005	0.6000000000000001	1.405983454667703e-12
0.06000000000000005	0.6200000000000001	1.3270744530683463e-13
0.06000000000000005	0.6400000000000001	1.1113349530094222e-14
0.08000000000000007	-0.64	1.47725507682058e-14
0.08000000000000007	-0.19999999999999996	0.000013760232315037416
0.08000000000000007	-0.17999999999999994	7.68666655679339e-6
0.08000000000000007	-0.16000000000000003	3.847632378639671e-6
0.08000000000000007	-0.14	1.7153255643949326e-6
0.08000000000000007	-0.12	6.905359152706496e-7
0.08000000000000007	0.1200000000000001	6.905359152706496e-7
0.08000000000000007	0.14000000000000012	1.7153255643949326e-6
0.08000000000000007	0.15999999999999992	3.847632378639671e-6
0.08000000000000007	0.17999999999999994	7.68666655679339e-6
0.08000000000000007	0.19999999999999996	0.000013760232315037416
0.08000000000000007	0.6400000000000001	1.47725507682058e-14
0.10000000000000009	-0.31999999999999995	0.000052373247542401855
0.10000000000000009	-0.29999999999999993	0.00006537411147344179
0.10000000000000009	-0.28	0.0000692992769465123
0.10000000000000009	-0.26	0.0000692012940739004
0.10000000000000009	-0.24	0.00005658714841303961
0.10000000000000009	-0.21999999999999997	0.000040591465392066517
0.10000000000000009	-0.19999999999999996	0.00002617200343903229
0.10000000000000009	-0.12	5.011329693240778e-6
0.10000000000000009	-0.09999999999999998	2.0992925033448754e-6
0.10000000000000009	-0.05999999999999994	1.3182537634578986e-6
0.10000000000000009	0.06000000000000005	1.3182537634578988e-6
0.10000000000000009	0.10000000000000009	2.099292503344876e-6
0.10000000000000009	0.1200000000000001	5.011329693240778e-6
0.10000000000000009	0.19999999999999996	0.000026172003439032285
0.10000000000000009	0.21999999999999997	0.00004059146539206651
0.10000000000000009	0.24	0.00005658714841303961
0.10000000000000009	0.26	0.0000692012940739004
0.10000000000000009	0.28	0.00006929927694651229
0.10000000000000009	0.30000000000000004	0.00006537411147344179
0.10000000000000009	0.32000000000000006	0.000052373247542401855
0.1200000000000001	-0.45999999999999996	2.2003792358628446e-7
0.1200000000000001	-0.43999999999999995	8.157524636080774e-7
0.1200000000000001	-0.42000000000000004	2.4815563069865975e-6
0.1200000000000001	-0.4	6.906792642541532e-6
0.1200000000000001	-0.38	0.000015798219475381266
0.1200000000000001	-0.36	0.00003182099624107643
0.1200000000000001	-0.33999999999999997	0.00005451274199789377
0.1200000000000001	-0.31999999999999995	0.0000794256740312856
0.1200000000000001	-0.29999999999999993	0.00010519341269089075
0.1200000000000001	-0.28	0.00011434262603901503
0.1200000000000001	-0.17999999999999994	0.00006082714066299729
0.1200000000000001	-0.16000000000000003	0.00003573753170044957
0.1200000000000001	-0.14	0.00001830969003932383
0.1200000000000001	-0.09999999999999998	0.000012602377204705146
0.1200000000000001	-0.07999999999999996	5.063681059824311e-6
0.1200000000000001	-0.020000000000000018	3.1290820101441413e-6
0.1200000000000001	0.	3.4115706459362177e-6
0.1200000000000001	0.020000000000000018	3.1290820101441413e-6
0.1200000000000001	0.08000000000000007	5.063681059824311e-6
0.1200000000000001	0.10000000000000009	0.000012602377204705146
0.1200000000000001	0.14000000000000012	0.00001830969003932383
0.1200000000000001	0.15999999999999992	0.00003573753170044957
0.1200000000000001	0.17999999999999994	0.00006082714066299729
0.1200000000000001	0.28	0.00011434262603901503
0.1200000000000001	0.30000000000000004	0.00010519341269089075
0.1200000000000001	0.32000000000000006	0.0000794256740312856
0.1200000000000001	0.3400000000000001	0.00005451274199789377
0.1200000000000001	0.3600000000000001	0.000031820996241076434
0.1200000000000001	0.3800000000000001	0.000015798219475381266
0.1200000000000001	0.40000000000000013	6.906792642541532e-6
0.1200000000000001	0.41999999999999993	2.4815563069865975e-6
0.1200000000000001	0.43999999999999995	8.157524636080774e-7
0.1200000000000001	0.45999999999999996	2.2003792358628446e-7
0.14000000000000012	-0.62	3.486447745089894e-14
0.14000000000000012	-0.6	4.4883240596564676e-13
0.14000000000000012	-0.5800000000000001	4.9214094976581615e-12
0.14000000000000012	-0.56	4.596201418396078e-11
0.14000000000000012	-0.54	3.6560561230888053e-10
0.14000000000000012	-0.52	2.5705270495350493e-9
0.14000000000000012	-0.5	1.4829837305798351e-8
0.14000000000000012	-0.48	7.287102390715187e-8
0.14000000000000012	-0.45999999999999996	3.163400117047284e-7
0.14000000000000012	-0.43999999999999995	1.1667282910511447e-6
0.14000000000000012	-0.42000000000000004	3.540726973484663e-6
0.14000000000000012	-0.4	9.807507861326797e-6
0.14000000000000012	-0.26	0.00022046164776770482
0.14000000000000012	-0.24	0.00021374413994521346
0.14000000000000012	-0.21999999999999997	0.00019065022825779778
0.14000000000000012	-0.19999999999999996	0.000143008687323802
0.14000000000000012	-0.14	0.00007834689167955507
0.14000000000000012	-0.12	0.00004020767366295227
0.14000000000000012	-0.07999999999999996	0.000025655806037810923
0.14000000000000012	-0.020000000000000018	0.000014618448240479894
0.14000000000000012	0.	0.000015598469262356944
0.14000000000000012	0.020000000000000018	0.000014618448240479894
0.14000000000000012	0.08000000000000007	0.00002565580603781092
0.14000000000000012	0.1200000000000001	0.00004020767366295227
0.14000000000000012	0.14000000000000012	0.0000783468916795551
0.14000000000000012	0.19999999999999996	0.000143008687323802
0.14000000000000012	0.21999999999999997	0.0001906502282577978
0.14000000000000012	0.24	0.00021374413994521346
0.14000000000000012	0.26	0.00022046164776770482
0.14000000000000012	0.40000000000000013	9.807507861326797e-6
0.14000000000000012	0.41999999999999993	3.540726973484663e-6
0.14000000000000012	0.43999999999999995	1.1667282910511447e-6
0.14000000000000012	0.45999999999999996	3.1634001170472837e-7
0.14000000000000012	0.48	7.287102390715187e-8
0.14000000000000012	0.5	1.4829837305798351e-8
0.14000000000000012	0.52	2.5705270495350493e-9
0.14000000000000012	0.54	3.6560561230888053e-10
0.14000000000000012	0.56	4.596201418396078e-11
0.14000000000000012	0.5800000000000001	4.9214094976581615e-12
0.14000000000000012	0.6000000000000001	4.4883240596564676e-13
0.14000000000000012	0.6200000000000001	3.486447745089894e-14
0.15999999999999992	-0.64	3.1129491472543522e-15
0.15999999999999992	-0.62	4.529153073316925e-14
0.15999999999999992	-0.6	5.820817785494347e-13
0.15999999999999992	-0.5800000000000001	6.37169951921475e-12
0.15999999999999992	-0.56	5.940607325296792e-11
0.15999999999999992	-0.54	4.886814970386361e-10
0.15999999999999992	-0.52	3.3045279203284004e-9
0.15999999999999992	-0.33999999999999997	0.00007792112241707137
0.15999999999999992	-0.31999999999999995	0.00013602040866961902
0.15999999999999992	-0.29999999999999993	0.00021434978918278706
0.15999999999999992	-0.28	0.0002856287147814535
0.15999999999999992	-0.19999999999999996	0.00036925738502812424
0.15999999999999992	-0.17999999999999994	0.00028249844355340245
0.15999999999999992	-0.12	0.00015092692145450006
0.15999999999999992	-0.07999999999999996	0.00010035843378136169
0.15999999999999992	-0.040000000000000036	0.000050080813149611564
0.15999999999999992	-0.020000000000000018	0.00005802214863129859
0.15999999999999992	0.	0.00006081355236149523
0.15999999999999992	0.020000000000000018	0.00005802214863129859
0.15999999999999992	0.040000000000000036	0.000050080813149611564
0.15999999999999992	0.08000000000000007	0.00010035843378136169
0.15999999999999992	0.1200000000000001	0.00015092692145450006
0.15999999999999992	0.17999999999999994	0.00028249844355340245
0.15999999999999992	0.19999999999999996	0.00036925738502812424
0.15999999999999992	0.28	0.0002856287147814535
0.15999999999999992	0.30000000000000004	0.00021434978918278706
0.15999999999999992	0.32000000000000006	0.000136020408669619
0.15999999999999992	0.3400000000000001	0.00007792112241707137
0.15999999999999992	0.52	3.3045279203284004e-9
0.15999999999999992	0.54	4.886814970386361e-10
0.15999999999999992	0.56	5.940607325296792e-11
0.15999999999999992	0.5800000000000001	6.37169951921475e-12
0.15999999999999992	0.6000000000000001	5.820817785494347e-13
0.15999999999999992	0.6200000000000001	4.529153073316925e-14
0.15999999999999992	0.6400000000000001	3.1129491472543522e-15
0.17999999999999994	-0.43999999999999995	6.706889362752997e-7
0.17999999999999994	-0.42000000000000004	2.4576348208332853e-6
0.17999999999999994	-0.4	7.912224065320939e-6
0.17999999999999994	-0.38	0.00002237498128124298
0.17999999999999994	-0.36	0.000053679264682859843
0.17999999999999994	-0.33999999999999997	0.00010944638141992361
0.17999999999999994	-0.26	0.0005009816848808392
0.17999999999999994	-0.24	0.0005866236314964432
0.17999999999999994	-0.21999999999999997	0.0005931609077888796
0.17999999999999994	-0.16000000000000003	0.0005100194356273842
0.17999999999999994	-0.12	0.00044679224084749505
0.17999999999999994	-0.07999999999999996	0.00032499604282224545
0.17999999999999994	-0.040000000000000036	0.00017391020020192925
0.17999999999999994	-0.020000000000000018	0.0001945316303922217
0.17999999999999994	0.	0.00020190810432712552
0.17999999999999994	0.020000000000000018	0.0001945316303922217
0.17999999999999994	0.040000000000000036	0.00017391020020192925
0.17999999999999994	0.08000000000000007	0.00032499604282224545
0.17999999999999994	0.1200000000000001	0.000446792240847495
0.17999999999999994	0.15999999999999992	0.0005100194356273842
0.17999999999999994	0.21999999999999997	0.0005931609077888796
0.17999999999999994	0.24	0.0005866236314964432
0.17999999999999994	0.26	0.0005009816848808392
0.17999999999999994	0.3400000000000001	0.00010944638141992361
0.17999999999999994	0.3600000000000001	0.000053679264682859843
0.17999999999999994	0.3800000000000001	0.00002237498128124298
0.17999999999999994	0.40000000000000013	7.912224065320939e-6
0.17999999999999994	0.41999999999999993	2.4576348208332853e-6
0.17999999999999994	0.43999999999999995	6.706889362752997e-7
0.19999999999999996	-0.54	1.1546456771169701e-10
0.19999999999999996	-0.52	9.443784970522144e-10
0.19999999999999996	-0.5	6.356881930951435e-9
0.19999999999999996	-0.48	3.892471795792767e-8
0.19999999999999996	-0.45999999999999996	2.0271470944268544e-7
0.19999999999999996	-0.43999999999999995	8.693242784525711e-7
0.19999999999999996	-0.31999999999999995	0.00017999280117986786
0.19999999999999996	-0.29999999999999993	0.0003263714277906217
0.19999999999999996	-0.28	0.0005008077533761797
0.19999999999999996	-0.21999999999999997	0.0009817535669563024
0.19999999999999996	-0.19999999999999996	0.0010125161309727183
0.19999999999999996	-0.16000000000000003	0.0011502488049892382
0.19999999999999996	-0.14	0.000844020591121169
0.19999999999999996	-0.09999999999999998	0.0006843217322925299
0.19999999999999996	-0.07999999999999996	0.000856730766124637
0.19999999999999996	-0.040000000000000036	0.0005035033806230295
0.19999999999999996	-0.020000000000000018	0.0005535496139794001
0.19999999999999996	0.	0.000571516177421105
0.19999999999999996	0.020000000000000018	0.0005535496139794002
0.19999999999999996	0.040000000000000036	0.0005035033806230295
0.19999999999999996	0.08000000000000007	0.000856730766124637
0.19999999999999996	0.10000000000000009	0.0006843217322925299
0.19999999999999996	0.14000000000000012	0.0008440205911211691
0.19999999999999996	0.15999999999999992	0.0011502488049892382
0.19999999999999996	0.19999999999999996	0.0010125161309727183
0.19999999999999996	0.21999999999999997	0.0009817535669563024
0.19999999999999996	0.28	0.0005008077533761797
0.19999999999999996	0.30000000000000004	0.0003263714277906217
0.19999999999999996	0.32000000000000006	0.00017999280117986786
0.19999999999999996	0.43999999999999995	8.693242784525711e-7
0.19999999999999996	0.45999999999999996	2.0271470944268544e-7
0.19999999999999996	0.48	3.892471795792767e-8
0.19999999999999996	0.5	6.356881930951435e-9
0.19999999999999996	0.52	9.443784970522144e-10
0.19999999999999996	0.54	1.1546456771169701e-10
0.21999999999999997	-0.62	6.82292413495009e-15
0.21999999999999997	-0.6	1.0598619414379233e-13
0.21999999999999997	-0.5800000000000001	1.3542942443085104e-12
0.21999999999999997	-0.56	1.5233135139870334e-11
0.21999999999999997	-0.54	1.4599599336607107e-10
0.21999999999999997	-0.52	1.1899112511428084e-9
0.21999999999999997	-0.4	5.030565187983389e-6
0.21999999999999997	-0.38	0.000016499298338749795
0.21999999999999997	-0.36	0.000045984219613611116
0.21999999999999997	-0.28	0.0005106078737557916
0.21999999999999997	-0.26	0.0008117290951675984
0.21999999999999997	-0.19999999999999996	0.001591923628793057
0.21999999999999997	-0.17999999999999994	0.0016210054889533377
0.21999999999999997	-0.14	0.001742380181173516
0.21999999999999997	-0.09999999999999998	0.001572289334079068
0.21999999999999997	-0.040000000000000036	0.0012398191877159128
0.21999999999999997	-0.020000000000000018	0.0013416135070614555
0.21999999999999997	0.	0.0013778681843572291
0.21999999999999997	0.020000000000000018	0.0013416135070614553
0.21999999999999997	0.040000000000000036	0.0012398191877159128
0.21999999999999997	0.10000000000000009	0.001572289334079068
0.21999999999999997	0.14000000000000012	0.001742380181173516
0.21999999999999997	0.17999999999999994	0.0016210054889533377
0.21999999999999997	0.19999999999999996	0.001591923628793057
0.21999999999999997	0.26	0.0008117290951675984
0.21999999999999997	0.28	0.0005106078737557916
0.21999999999999997	0.3600000000000001	0.000045984219613611116
0.21999999999999997	0.3800000000000001	0.000016499298338749795
0.21999999999999997	0.40000000000000013	5.030565187983389e-6
0.21999999999999997	0.52	1.1899112511428084e-9
0.21999999999999997	0.54	1.4599599336607107e-10
0.21999999999999997	0.56	1.5233135139870334e-11
0.21999999999999997	0.5800000000000001	1.3542942443085104e-12
0.21999999999999997	0.6000000000000001	1.0598619414379233e-13
0.21999999999999997	0.6200000000000001	6.82292413495009e-15
0.24	-0.48	1.2070712613122868e-8
0.24	-0.45999999999999996	7.320523222987574e-8
0.24	-0.43999999999999995	3.7759809522224855e-7
0.24	-0.42000000000000004	1.7052442561777001e-6
0.24	-0.33999999999999997	0.00007147362858139936
0.24	-0.31999999999999995	0.00017206522598688136
0.24	-0.29999999999999993	0.00036900945398874184
0.24	-0.24	0.0012871602711857853
0.24	-0.17999999999999994	0.0024802879536975917
0.24	-0.14	0.0029825684481652533
0.24	-0.09999999999999998	0.0029825321636804208
0.24	-0.040000000000000036	0.0025965275947128666
0.24	-0.020000000000000018	0.0027636190327631387
0.24	0.	0.0028307381578330853
0.24	0.020000000000000018	0.0027636190327631387
0.24	0.040000000000000036	0.002596527594712866
0.24	0.10000000000000009	0.0029825321636804208
0.24	0.14000000000000012	0.0029825684481652537
0.24	0.17999999999999994	0.0024802879536975917
0.24	0.24	0.0012871602711857853
0.24	0.30000000000000004	0.00036900945398874184
0.24	0.32000000000000006	0.00017206522598688136
0.24	0.3400000000000001	0.00007147362858139936
0.24	0.41999999999999993	1.7052442561777001e-6
0.24	0.43999999999999995	3.7759809522224855e-7
0.24	0.45999999999999996	7.320523222987574e-8
0.24	0.48	1.2070712613122868e-8
0.26	-0.56	2.3610896166019634e-12
0.26	-0.54	2.6420261532830747e-11
0.26	-0.52	2.5944308485761076e-10
0.26	-0.5	2.1010152195612113e-9
0.26	-0.4	2.4715225096464803e-6
0.26	-0.38	9.417248276803076e-6
0.26	-0.36	0.0000312622619205597
0.26	-0.29999999999999993	0.00026269837104641084
0.26	-0.28	0.0005546494114734327
0.26	-0.21999999999999997	0.0019083499373042188
0.26	-0.17999999999999994	0.003087220445648352
0.26	-0.14	0.004249952899647757
0.26	-0.09999999999999998	0.004792851599768562
0.26	-0.040000000000000036	0.004605273227589987
0.26	-0.020000000000000018	0.0048603010933569646
0.26	0.	0.004955695448457228
0.26	0.020000000000000018	0.004860301093356965
0.26	0.040000000000000036	0.004605273227589987
0.26	0.10000000000000009	0.004792851599768563
0.26	0.14000000000000012	0.004249952899647757
0.26	0.17999999999999994	0.003087220445648352
0.26	0.21999999999999997	0.001908349937304219
0.26	0.28	0.0005546494114734327
0.26	0.30000000000000004	0.00026269837104641084
0.26	0.3600000000000001	0.0000312622619205597
0.26	0.3800000000000001	9.417248276803076e-6
0.26	0.40000000000000013	2.4715225096464803e-6
0.26	0.5	2.1010152195612113e-9
0.26	0.52	2.5944308485761076e-10
0.26	0.54	2.6420261532830747e-11
0.26	0.56	2.3610896166019634e-12
0.28	-0.6	1.4569974949913302e-14
0.28	-0.5800000000000001	2.242453481093612e-13
0.28	-0.48	3.0036585482446345e-9
0.28	-0.45999999999999996	2.1243555201551237e-8
0.28	-0.43999999999999995	1.3121944237223363e-7
0.28	-0.42000000000000004	6.888007883127847e-7
0.28	-0.36	0.00001395170782190543
0.28	-0.33999999999999997	0.0000458541500177314
0.28	-0.28	0.0003791684736795325
0.28	-0.26	0.000805254143722686
0.28	-0.21999999999999997	0.0017479765325883957
0.28	-0.19999999999999996	0.0026606849455539697
0.28	-0.16000000000000003	0.004290623302330764
0.28	-0.12	0.005531321272287137
0.28	-0.09999999999999998	0.006402371760101398
0.28	-0.040000000000000036	0.006926563018289533
0.28	-0.020000000000000018	0.007267220718908128
0.28	0.	0.007393028863996923
0.28	0.020000000000000018	0.007267220718908129
0.28	0.040000000000000036	0.006926563018289534
0.28	0.10000000000000009	0.006402371760101398
0.28	0.1200000000000001	0.005531321272287137
0.28	0.15999999999999992	0.004290623302330764
0.28	0.19999999999999996	0.0026606849455539697
0.28	0.21999999999999997	0.0017479765325883957
0.28	0.26	0.000805254143722686
0.28	0.28	0.0003791684736795325
0.28	0.3400000000000001	0.0000458541500177314
0.28	0.3600000000000001	0.00001395170782190543
0.28	0.41999999999999993	6.888007883127847e-7
0.28	0.43999999999999995	1.3121944237223363e-7
0.28	0.45999999999999996	2.1243555201551237e-8
0.28	0.48	3.0036585482446345e-9
0.28	0.5800000000000001	2.242453481093612e-13
0.28	0.6000000000000001	1.4569974949913302e-14
0.30000000000000004	-0.54	3.979463121997139e-12
0.30000000000000004	-0.52	4.5550810311479464e-11
0.30000000000000004	-0.5	4.4345156243024266e-10
0.30000000000000004	-0.42000000000000004	1.819947027036619e-7
0.30000000000000004	-0.4	9.736446027320824e-7
0.30000000000000004	-0.38	4.308636411165046e-6
0.30000000000000004	-0.31999999999999995	0.00006546697003991164
0.30000000000000004	-0.29999999999999993	0.00018861671466958467
0.30000000000000004	-0.26	0.0005415515994059418
0.30000000000000004	-0.24	0.001128616906717745
0.30000000000000004	-0.19999999999999996	0.002436471593067336
0.30000000000000004	-0.16000000000000003	0.004309033013040136
0.30000000000000004	-0.12	0.006398021352609949
0.30000000000000004	-0.09999999999999998	0.007266130508494342
0.30000000000000004	-0.040000000000000036	0.008873287542260057
0.30000000000000004	-0.020000000000000018	0.009273999566107022
0.30000000000000004	0.	0.009401391372319986
0.30000000000000004	0.020000000000000018	0.009273999566107024
0.30000000000000004	0.040000000000000036	0.008873287542260059
0.30000000000000004	0.10000000000000009	0.007266130508494342
0.30000000000000004	0.1200000000000001	0.006398021352609951
0.30000000000000004	0.15999999999999992	0.004309033013040136
0.30000000000000004	0.19999999999999996	0.0024364715930673356
0.30000000000000004	0.24	0.001128616906717745
0.30000000000000004	0.26	0.0005415515994059419
0.30000000000000004	0.30000000000000004	0.00018861671466958467
0.30000000000000004	0.32000000000000006	0.00006546697003991164
0.30000000000000004	0.3800000000000001	4.308636411165046e-6
0.30000000000000004	0.40000000000000013	9.736446027320824e-7
0.30000000000000004	0.41999999999999993	1.819947027036619e-7
0.30000000000000004	0.5	4.4345156243024266e-10
0.30000000000000004	0.52	4.5550810311479464e-11
0.30000000000000004	0.54	3.979463121997139e-12
0.32000000000000006	-0.6	1.2831261020837504e-15
0.32000000000000006	-0.5800000000000001	2.3076116805637765e-14
0.32000000000000006	-0.48	6.034766667452453e-10
0.32000000000000006	-0.45999999999999996	5.1072477478425684e-9
0.32000000000000006	-0.43999999999999995	3.575943572511505e-8
0.32000000000000006	-0.38	1.3158194616550768e-6
0.32000000000000006	-0.36	6.064895210333857e-6
0.32000000000000006	-0.29999999999999993	0.00009091633702300898
0.32000000000000006	-0.24	0.0007335881958703606
0.32000000000000006	-0.19999999999999996	0.001797430431987342
0.32000000000000006	-0.16000000000000003	0.003671766556870719
0.32000000000000006	-0.12	0.006155149921965946
0.32000000000000006	-0.09999999999999998	0.007006082855760098
0.32000000000000006	-0.040000000000000036	0.009681790879432915
0.32000000000000006	-0.020000000000000018	0.010046403795586915
0.32000000000000006	0.	0.010184405691785173
0.32000000000000006	0.020000000000000018	0.010046403795586915
0.32000000000000006	0.040000000000000036	0.009681790879432915
0.32000000000000006	0.10000000000000009	0.007006082855760098
0.32000000000000006	0.1200000000000001	0.006155149921965946
0.32000000000000006	0.15999999999999992	0.0036717665568707196
0.32000000000000006	0.19999999999999996	0.001797430431987342
0.32000000000000006	0.24	0.0007335881958703606
0.32000000000000006	0.30000000000000004	0.00009091633702300898
0.32000000000000006	0.3600000000000001	6.064895210333857e-6
0.32000000000000006	0.3800000000000001	1.3158194616550768e-6
0.32000000000000006	0.43999999999999995	3.575943572511505e-8
0.32000000000000006	0.45999999999999996	5.1072477478425684e-9
0.32000000000000006	0.48	6.034766667452453e-10
0.32000000000000006	0.5800000000000001	2.3076116805637765e-14
0.32000000000000006	0.6000000000000001	1.2831261020837504e-15
0.3400000000000001	-0.56	3.08962647839909e-14
0.3400000000000001	-0.54	4.716242997822799e-13
0.3400000000000001	-0.52	6.2987104336519875e-12
0.3400000000000001	-0.5	7.349605104983076e-11
0.3400000000000001	-0.43999999999999995	6.805258190401021e-9
0.3400000000000001	-0.42000000000000004	4.8605987606226825e-8
0.3400000000000001	-0.33999999999999997	8.149696015894114e-6
0.3400000000000001	-0.28	0.00012295964111589408
0.3400000000000001	-0.24	0.0004038012559729092
0.3400000000000001	-0.17999999999999994	0.0022719165039630502
0.3400000000000001	-0.16000000000000003	0.00265453689747924
0.3400000000000001	-0.12	0.005084405427526944
0.3400000000000001	-0.040000000000000036	0.008969182381679737
0.3400000000000001	-0.020000000000000018	0.009291424731445036
0.3400000000000001	0.	0.00940139137231999
0.3400000000000001	0.020000000000000018	0.009291424731445038
0.3400000000000001	0.040000000000000036	0.008969182381679739
0.3400000000000001	0.1200000000000001	0.005084405427526944
0.3400000000000001	0.15999999999999992	0.00265453689747924
0.3400000000000001	0.17999999999999994	0.0022719165039630502
0.3400000000000001	0.24	0.0004038012559729092
0.3400000000000001	0.28	0.0001229596411158941
0.3400000000000001	0.3400000000000001	8.149696015894114e-6
0.3400000000000001	0.41999999999999993	4.8605987606226825e-8
0.3400000000000001	0.43999999999999995	6.805258190401021e-9
0.3400000000000001	0.5	7.349605104983076e-11
0.3400000000000001	0.52	6.2987104336519875e-12
0.3400000000000001	0.54	4.716242997822799e-13
0.3400000000000001	0.56	3.08962647839909e-14
0.3600000000000001	-0.5800000000000001	1.988859876959019e-15
0.3600000000000001	-0.5	8.48179615955391e-12
0.3600000000000001	-0.48	9.83764682619641e-11
0.3600000000000001	-0.45999999999999996	9.68871540638236e-10
0.3600000000000001	-0.4	6.493503468914084e-8
0.3600000000000001	-0.38	4.001034354340036e-7
0.3600000000000001	-0.33999999999999997	2.4319703961491794e-6
0.3600000000000001	-0.31999999999999995	0.000010955762014369576
0.3600000000000001	-0.28	0.00004865020411440696
0.3600000000000001	-0.26	0.00016179641816511155
0.3600000000000001	-0.21999999999999997	0.0005154749149666651
0.3600000000000001	-0.17999999999999994	0.0014058932935871289
0.3600000000000001	-0.12	0.0035684660430428707
0.3600000000000001	-0.040000000000000036	0.007101298922107883
0.3600000000000001	-0.020000000000000018	0.007319744716117612
0.3600000000000001	0.	0.007395396386257624
0.3600000000000001	0.020000000000000018	0.007319744716117612
0.3600000000000001	0.040000000000000036	0.007101298922107885
0.3600000000000001	0.1200000000000001	0.0035684660430428707
0.3600000000000001	0.17999999999999994	0.0014058932935871289
0.3600000000000001	0.21999999999999997	0.0005154749149666651
0.3600000000000001	0.26	0.00016179641816511155
0.3600000000000001	0.28	0.00004865020411440696
0.3600000000000001	0.32000000000000006	0.000010955762014369576
0.3600000000000001	0.3400000000000001	2.4319703961491794e-6
0.3600000000000001	0.3800000000000001	4.001034354340036e-7
0.3600000000000001	0.40000000000000013	6.493503468914084e-8
0.3600000000000001	0.45999999999999996	9.68871540638236e-10
0.3600000000000001	0.48	9.83764682619641e-11
0.3600000000000001	0.5	8.48179615955391e-12
0.3600000000000001	0.5800000000000001	1.988859876959019e-15
0.3800000000000001	-0.56	2.62475342039652e-15
0.3800000000000001	-0.54	4.6813480947477707e-14
0.3800000000000001	-0.52	7.486564928955845e-13
0.3800000000000001	-0.45999999999999996	1.265928796830322e-10
0.3800000000000001	-0.43999999999999995	1.2696760317790368e-9
0.3800000000000001	-0.38	8.526260008929473e-8
0.3800000000000001	-0.36	5.319008343537119e-7
0.3800000000000001	-0.31999999999999995	3.169165659513248e-6
0.3800000000000001	-0.29999999999999993	0.000014385404710825645
0.3800000000000001	-0.26	0.0000633484042443685
0.3800000000000001	-0.21999999999999997	0.00023395598162867311
0.3800000000000001	-0.17999999999999994	0.0007290424409554286
0.3800000000000001	-0.14	0.001891272265210083
0.3800000000000001	-0.12	0.0020923507125779678
0.3800000000000001	-0.05999999999999994	0.0045868549308910305
0.3800000000000001	-0.040000000000000036	0.004788803888410999
0.3800000000000001	-0.020000000000000018	0.004914615103832446
0.3800000000000001	0.	0.004957282446088008
0.3800000000000001	0.020000000000000018	0.004914615103832446
0.3800000000000001	0.040000000000000036	0.004788803888410999
0.3800000000000001	0.06000000000000005	0.0045868549308910305
0.3800000000000001	0.1200000000000001	0.0020923507125779678
0.3800000000000001	0.14000000000000012	0.001891272265210083
0.3800000000000001	0.17999999999999994	0.0007290424409554286
0.3800000000000001	0.21999999999999997	0.00023395598162867311
0.3800000000000001	0.26	0.0000633484042443685
0.3800000000000001	0.30000000000000004	0.000014385404710825645
0.3800000000000001	0.32000000000000006	3.169165659513248e-6
0.3800000000000001	0.3600000000000001	5.319008343537119e-7
0.3800000000000001	0.3800000000000001	8.526260008929473e-8
0.3800000000000001	0.43999999999999995	1.2696760317790368e-9
0.3800000000000001	0.45999999999999996	1.265928796830322e-10
0.3800000000000001	0.52	7.486564928955845e-13
0.3800000000000001	0.54	4.6813480947477707e-14
0.3800000000000001	0.56	2.62475342039652e-15
0.40000000000000013	-0.52	6.237759364103302e-14
0.40000000000000013	-0.5	9.432229575313567e-13
0.40000000000000013	-0.48	1.274696529979215e-11
0.40000000000000013	-0.42000000000000004	1.6027535234566069e-9
0.40000000000000013	-0.36	1.1003434392141418e-7
0.40000000000000013	-0.29999999999999993	4.119492476399734e-6
0.40000000000000013	-0.26	0.00002104446485221541
0.40000000000000013	-0.21999999999999997	0.00008883705838042075
0.40000000000000013	-0.17999999999999994	0.00032120805944033397
0.40000000000000013	-0.14	0.0009476578904036474
0.40000000000000013	-0.12	0.0010442312925382216
0.40000000000000013	-0.05999999999999994	0.002642172299483108
0.40000000000000013	-0.040000000000000036	0.0027433938267236507
0.40000000000000013	-0.020000000000000018	0.0028072726926373763
0.40000000000000013	0.	0.0028316446652640933
0.40000000000000013	0.020000000000000018	0.0028072726926373763
0.40000000000000013	0.040000000000000036	0.0027433938267236507
0.40000000000000013	0.06000000000000005	0.002642172299483108
0.40000000000000013	0.1200000000000001	0.0010442312925382218
0.40000000000000013	0.14000000000000012	0.0009476578904036474
0.40000000000000013	0.17999999999999994	0.00032120805944033397
0.40000000000000013	0.21999999999999997	0.00008883705838042075
0.40000000000000013	0.26	0.00002104446485221541
0.40000000000000013	0.30000000000000004	4.119492476399734e-6
0.40000000000000013	0.3600000000000001	1.1003434392141418e-7
0.40000000000000013	0.41999999999999993	1.6027535234566069e-9
0.40000000000000013	0.48	1.274696529979215e-11
0.40000000000000013	0.5	9.432229575313567e-13
0.40000000000000013	0.52	6.237759364103302e-14
0.41999999999999993	-0.54	3.7931853757216e-15
0.41999999999999993	-0.48	1.2338395690862668e-12
0.41999999999999993	-0.45999999999999996	1.657233681318524e-11
0.41999999999999993	-0.4	2.086370007955871e-9
0.41999999999999993	-0.33999999999999997	1.422790489350138e-7
0.41999999999999993	-0.29999999999999993	9.837351224423167e-7
0.41999999999999993	-0.28	5.145438973840493e-6
0.41999999999999993	-0.24	0.000025270666707004085
0.41999999999999993	-0.17999999999999994	0.00011754694765990076
0.41999999999999993	-0.14	0.0004078825128161934
0.41999999999999993	-0.12	0.00044365063007580503
0.41999999999999993	-0.05999999999999994	0.0012912006128589025
0.41999999999999993	-0.040000000000000036	0.001338839761966403
0.41999999999999993	-0.020000000000000018	0.0013684691969603636
0.41999999999999993	0.	0.001378309428894318
0.41999999999999993	0.020000000000000018	0.0013684691969603636
0.41999999999999993	0.040000000000000036	0.0013388397619664035
0.41999999999999993	0.06000000000000005	0.0012912006128589025
0.41999999999999993	0.1200000000000001	0.00044365063007580503
0.41999999999999993	0.14000000000000012	0.0004078825128161934
0.41999999999999993	0.17999999999999994	0.00011754694765990076
0.41999999999999993	0.24	0.000025270666707004085
0.41999999999999993	0.28	5.145438973840493e-6
0.41999999999999993	0.30000000000000004	9.837351224423167e-7
0.41999999999999993	0.3400000000000001	1.422790489350138e-7
0.41999999999999993	0.40000000000000013	2.086370007955871e-9
0.41999999999999993	0.45999999999999996	1.657233681318524e-11
0.41999999999999993	0.48	1.2338395690862668e-12
0.41999999999999993	0.54	3.7931853757216e-15
0.43999999999999995	-0.52	4.8637421130763036e-15
0.43999999999999995	-0.45999999999999996	1.5556900919224592e-12
0.43999999999999995	-0.43999999999999995	2.0769616754875024e-11
0.43999999999999995	-0.38	2.66935363171491e-9
0.43999999999999995	-0.33999999999999997	2.4802762108813013e-8
0.43999999999999995	-0.31999999999999995	1.7706703298602345e-7
0.43999999999999995	-0.28	1.2193763342785096e-6
0.43999999999999995	-0.24	6.964704642008248e-6
0.43999999999999995	-0.19999999999999996	0.00003379272503295513
0.43999999999999995	-0.17999999999999994	0.00003742645859028986
0.43999999999999995	-0.14	0.0001493128032067727
0.43999999999999995	-0.12	0.00016044409304465392
0.43999999999999995	-0.05999999999999994	0.0005396998189377563
0.43999999999999995	-0.040000000000000036	0.0005568159278550338
0.43999999999999995	-0.020000000000000018	0.0005682775931331494
0.43999999999999995	0.	0.0005716991981149624
0.43999999999999995	0.020000000000000018	0.0005682775931331495
0.43999999999999995	0.040000000000000036	0.0005568159278550338
0.43999999999999995	0.06000000000000005	0.0005396998189377563
0.43999999999999995	0.1200000000000001	0.00016044409304465392
0.43999999999999995	0.14000000000000012	0.0001493128032067727
0.43999999999999995	0.17999999999999994	0.00003742645859028986
0.43999999999999995	0.19999999999999996	0.00003379272503295513
0.43999999999999995	0.24	6.964704642008248e-6
0.43999999999999995	0.28	1.2193763342785096e-6
0.43999999999999995	0.32000000000000006	1.7706703298602345e-7
0.43999999999999995	0.3400000000000001	2.4802762108813013e-8
0.43999999999999995	0.3800000000000001	2.66935363171491e-9
0.43999999999999995	0.43999999999999995	2.0769616754875024e-11
0.43999999999999995	0.45999999999999996	1.5556900919224592e-12
0.43999999999999995	0.52	4.8637421130763036e-15
0.45999999999999996	-0.5	6.1619935592103486e-15
0.45999999999999996	-0.43999999999999995	1.9380800271437336e-12
0.45999999999999996	-0.42000000000000004	2.6253524968568318e-11
0.45999999999999996	-0.38	3.3935088886790387e-10
0.45999999999999996	-0.36	3.2950168546909238e-9
0.45999999999999996	-0.31999999999999995	3.0654568708176785e-8
0.45999999999999996	-0.28	2.4178713088665245e-7
0.45999999999999996	-0.24	1.6305881309403193e-6
0.45999999999999996	-0.19999999999999996	9.086936278750789e-6
0.45999999999999996	-0.14	0.00004573459883851777
0.45999999999999996	-0.12	0.000049038095568277874
0.45999999999999996	-0.05999999999999994	0.00019146962668536234
0.45999999999999996	-0.040000000000000036	0.00019727548475205532
0.45999999999999996	-0.020000000000000018	0.00020086037594517814
0.45999999999999996	0.	0.00020206975824581342
0.45999999999999996	0.020000000000000018	0.00020086037594517814
0.45999999999999996	0.040000000000000036	0.00019727548475205532
0.45999999999999996	0.06000000000000005	0.00019146962668536234
0.45999999999999996	0.1200000000000001	0.000049038095568277874
0.45999999999999996	0.14000000000000012	0.00004573459883851777
0.45999999999999996	0.19999999999999996	9.086936278750789e-6
0.45999999999999996	0.24	1.6305881309403193e-6
0.45999999999999996	0.28	2.4178713088665245e-7
0.45999999999999996	0.32000000000000006	3.0654568708176785e-8
0.45999999999999996	0.3600000000000001	3.2950168546909238e-9
0.45999999999999996	0.3800000000000001	3.3935088886790387e-10
0.45999999999999996	0.41999999999999993	2.6253524968568318e-11
0.45999999999999996	0.43999999999999995	1.9380800271437336e-12
0.45999999999999996	0.5	6.1619935592103486e-15
0.48	-0.48	7.547727049132033e-15
0.48	-0.45999999999999996	1.3830385123885193e-13
0.48	-0.42000000000000004	2.434457716919854e-12
0.48	-0.36	4.162310556878358e-10
0.48	-0.31999999999999995	4.435090171288094e-9
0.48	-0.28	4.137853190381975e-8
0.48	-0.24	3.161191804907634e-7
0.48	-0.19999999999999996	2.0782137330000635e-6
0.48	-0.14	0.000012026640259058148
0.48	-0.05999999999999994	0.00005787109768318777
0.48	-0.040000000000000036	0.000059563206385265844
0.48	-0.020000000000000018	0.00006049798263719677
0.48	0.	0.0000608622415861372
0.48	0.020000000000000018	0.00006049798263719676
0.48	0.040000000000000036	0.000059563206385265844
0.48	0.06000000000000005	0.00005787109768318777
0.48	0.14000000000000012	0.000012026640259058148
0.48	0.19999999999999996	2.0782137330000635e-6
0.48	0.24	3.161191804907634e-7
0.48	0.28	4.137853190381975e-8
0.48	0.32000000000000006	4.435090171288094e-9
0.48	0.3600000000000001	4.162310556878358e-10
0.48	0.41999999999999993	2.434457716919854e-12
0.48	0.45999999999999996	1.3830385123885193e-13
0.48	0.48	7.547727049132033e-15
0.5	-0.45999999999999996	9.346430317470967e-15
0.5	-0.4	2.9572469280106672e-12
0.5	-0.36	4.3897151194933514e-11
0.5	-0.29999999999999993	5.276134851581295e-9
0.5	-0.26	4.8264487667302185e-8
0.5	-0.19999999999999996	3.957881089635566e-7
0.5	-0.16000000000000003	2.5029753740550222e-6
0.5	-0.14	2.692332794013869e-6
0.5	-0.05999999999999994	0.000014904971995356698
0.5	-0.040000000000000036	0.000015287538828687314
0.5	-0.020000000000000018	0.00001554671998180508
0.5	0.	0.00001562095021263297
0.5	0.020000000000000018	0.00001554671998180508
0.5	0.040000000000000036	0.000015287538828687314
0.5	0.06000000000000005	0.000014904971995356698
0.5	0.14000000000000012	2.692332794013869e-6
0.5	0.15999999999999992	2.5029753740550222e-6
0.5	0.19999999999999996	3.957881089635566e-7
0.5	0.26	4.8264487667302185e-8
0.5	0.30000000000000004	5.276134851581295e-9
0.5	0.3600000000000001	4.3897151194933514e-11
0.5	0.40000000000000013	2.9572469280106672e-12
0.5	0.45999999999999996	9.346430317470967e-15
0.52	-0.43999999999999995	1.1435633102878131e-14
0.52	-0.4	2.3152125889703034e-13
0.52	-0.38	3.61207954340445e-12
0.52	-0.33999999999999997	5.19335930138684e-11
0.52	-0.29999999999999993	6.553404439465989e-10
0.52	-0.26	6.88298415635494e-9
0.52	-0.19999999999999996	6.554047744907678e-8
0.52	-0.16000000000000003	4.7451313957086557e-7
0.52	-0.14	5.093083444018146e-7
0.52	-0.05999999999999994	3.2704995480316815e-6
0.52	-0.040000000000000036	3.358051968353682e-6
0.52	-0.020000000000000018	3.400252463138287e-6
0.52	0.	3.416487496991553e-6
0.52	0.020000000000000018	3.400252463138287e-6
0.52	0.040000000000000036	3.358051968353682e-6
0.52	0.06000000000000005	3.2704995480316815e-6
0.52	0.14000000000000012	5.093083444018146e-7
0.52	0.15999999999999992	4.7451313957086557e-7
0.52	0.19999999999999996	6.554047744907678e-8
0.52	0.26	6.88298415635494e-9
0.52	0.30000000000000004	6.553404439465989e-10
0.52	0.3400000000000001	5.19335930138684e-11
0.52	0.3800000000000001	3.61207954340445e-12
0.52	0.40000000000000013	2.3152125889703034e-13
0.52	0.43999999999999995	1.1435633102878131e-14
0.54	-0.42000000000000004	1.3570819208869747e-14
0.54	-0.38	2.7156150547048614e-13
0.54	-0.33999999999999997	4.635991465655176e-12
0.54	-0.29999999999999993	6.723300752369608e-11
0.54	-0.26	8.142481806370027e-10
0.54	-0.21999999999999997	8.415987596688917e-9
0.54	-0.19999999999999996	9.140913417698548e-9
0.54	-0.16000000000000003	7.724187141645874e-8
0.54	-0.14	8.206105936327426e-8
0.54	-0.05999999999999994	6.115125000369517e-7
0.54	-0.040000000000000036	6.258534970890441e-7
0.54	-0.020000000000000018	6.337185710928813e-7
0.54	0.	6.367443589032489e-7
0.54	0.020000000000000018	6.337185710928813e-7
0.54	0.040000000000000036	6.258534970890441e-7
0.54	0.06000000000000005	6.115125000369517e-7
0.54	0.14000000000000012	8.206105936327426e-8
0.54	0.15999999999999992	7.724187141645874e-8
0.54	0.19999999999999996	9.140913417698548e-9
0.54	0.21999999999999997	8.415987596688917e-9
0.54	0.26	8.142481806370027e-10
0.54	0.30000000000000004	6.723300752369608e-11
0.54	0.3400000000000001	4.635991465655176e-12
0.54	0.3800000000000001	2.7156150547048614e-13
0.54	0.41999999999999993	1.3570819208869747e-14
0.56	-0.38	1.7965797048884285e-14
0.56	-0.29999999999999993	5.9529660259836235e-12
0.56	-0.26	8.40775401660278e-11
0.56	-0.21999999999999997	1.0020156539037138e-9
0.56	-0.16000000000000003	1.06205697427888e-8
0.56	-0.14	1.1261538445654027e-8
0.56	-0.05999999999999994	9.741131197832251e-8
0.56	-0.040000000000000036	9.939644152769696e-8
0.56	-0.020000000000000018	1.0064555233712683e-7
0.56	0.	1.0112610016911511e-7
0.56	0.020000000000000018	1.0064555233712683e-7
0.56	0.040000000000000036	9.939644152769696e-8
0.56	0.06000000000000005	9.741131197832251e-8
0.56	0.14000000000000012	1.1261538445654027e-8
0.56	0.15999999999999992	1.06205697427888e-8
0.56	0.21999999999999997	1.0020156539037138e-9
0.56	0.26	8.40775401660278e-11
0.56	0.30000000000000004	5.9529660259836235e-12
0.56	0.3800000000000001	1.7965797048884285e-14
0.5800000000000001	-0.36	2.0755826125514433e-14
0.5800000000000001	-0.31999999999999995	4.075117326285242e-13
0.5800000000000001	-0.28	6.785554053461565e-12
0.5800000000000001	-0.26	7.297815680855846e-12
0.5800000000000001	-0.21999999999999997	1.0052668423941811e-10
0.5800000000000001	-0.16000000000000003	1.24379017000108e-9
0.5800000000000001	-0.14	1.3163234115067163e-9
0.5800000000000001	-0.05999999999999994	1.3222769100739117e-8
0.5800000000000001	-0.040000000000000036	1.3479309608223177e-8
0.5800000000000001	-0.020000000000000018	1.3620894332050365e-8
0.5800000000000001	0.	1.368592940900124e-8
0.5800000000000001	0.020000000000000018	1.3620894332050365e-8
0.5800000000000001	0.040000000000000036	1.3479309608223177e-8
0.5800000000000001	0.06000000000000005	1.3222769100739117e-8
0.5800000000000001	0.14000000000000012	1.3163234115067163e-9
0.5800000000000001	0.15999999999999992	1.24379017000108e-9
0.5800000000000001	0.21999999999999997	1.0052668423941811e-10
0.5800000000000001	0.26	7.297815680855846e-12
0.5800000000000001	0.28	6.785554053461565e-12
0.5800000000000001	0.32000000000000006	4.075117326285242e-13
0.5800000000000001	0.3600000000000001	2.0755826125514433e-14
0.6000000000000001	-0.36	1.1431975769996856e-15
0.6000000000000001	-0.31999999999999995	2.583279648103282e-14
0.6000000000000001	-0.28	5.02449304987961e-13
0.6000000000000001	-0.21999999999999997	8.760831451323134e-12
0.6000000000000001	-0.16000000000000003	1.2406540631187885e-10
0.6000000000000001	-0.14	1.3021427811465657e-10
0.6000000000000001	-0.05999999999999994	1.529141298129056e-9
0.6000000000000001	-0.040000000000000036	1.5573084436572748e-9
0.6000000000000001	-0.020000000000000018	1.5738522747717178e-9
0.6000000000000001	0.	1.5785842141128341e-9
0.6000000000000001	0.020000000000000018	1.5738522747717178e-9
0.6000000000000001	0.040000000000000036	1.5573084436572748e-9
0.6000000000000001	0.06000000000000005	1.529141298129056e-9
0.6000000000000001	0.14000000000000012	1.3021427811465657e-10
0.6000000000000001	0.15999999999999992	1.2406540631187885e-10
0.6000000000000001	0.21999999999999997	8.760831451323134e-12
0.6000000000000001	0.28	5.02449304987961e-13
0.6000000000000001	0.32000000000000006	2.583279648103282e-14
0.6000000000000001	0.3600000000000001	1.1431975769996856e-15
0.6200000000000001	-0.31999999999999995	1.394040832079052e-15
0.6200000000000001	-0.28	3.1296659936479095e-14
0.6200000000000001	-0.24	5.946173492093229e-13
0.6200000000000001	-0.21999999999999997	6.373120429478425e-13
0.6200000000000001	-0.16000000000000003	1.0540435652687727e-11
0.6200000000000001	-0.14	1.1044269874890184e-11
0.6200000000000001	-0.05999999999999994	1.5068929125825353e-10
0.6200000000000001	-0.040000000000000036	1.5304228465014783e-10
0.6200000000000001	-0.020000000000000018	1.546681062533972e-10
0.6200000000000001	0.	1.55133130899311e-10
0.6200000000000001	0.020000000000000018	1.546681062533972e-10
0.6200000000000001	0.040000000000000036	1.5304228465014783e-10
0.6200000000000001	0.06000000000000005	1.5068929125825353e-10
0.6200000000000001	0.14000000000000012	1.1044269874890184e-11
0.6200000000000001	0.15999999999999992	1.0540435652687727e-11
0.6200000000000001	0.21999999999999997	6.373120429478425e-13
0.6200000000000001	0.24	5.946173492093229e-13
0.6200000000000001	0.28	3.1296659936479095e-14
0.6200000000000001	0.32000000000000006	1.394040832079052e-15
0.6400000000000001	-0.28	1.6797236585735945e-15
0.6400000000000001	-0.24	3.690454361141455e-14
0.6400000000000001	-0.21999999999999997	3.948782400493961e-14
0.6400000000000001	-0.17999999999999994	7.249328964178305e-13
0.6400000000000001	-0.16000000000000003	7.627297698673178e-13
0.6400000000000001	-0.14	7.978470897018353e-13
0.6400000000000001	-0.05999999999999994	1.2619207312167976e-11
0.6400000000000001	-0.040000000000000036	1.2816254568602328e-11
0.6400000000000001	-0.020000000000000018	1.2952406113895902e-11
0.6400000000000001	0.	1.2991348777724593e-11
0.6400000000000001	0.020000000000000018	1.2952406113895902e-11
0.6400000000000001	0.040000000000000036	1.2816254568602328e-11
0.6400000000000001	0.06000000000000005	1.2619207312167976e-11
0.6400000000000001	0.14000000000000012	7.978470897018353e-13
0.6400000000000001	0.15999999999999992	7.627297698673178e-13
0.6400000000000001	0.17999999999999994	7.249328964178305e-13
0.6400000000000001	0.21999999999999997	3.948782400493961e-14
0.6400000000000001	0.24	3.690454361141455e-14
0.6400000000000001	0.28	1.6797236585735945e-15
0.6600000000000001	-0.24	1.97002472604096e-15
0.6600000000000001	-0.21999999999999997	2.1026779869665056e-15
0.6600000000000001	-0.17999999999999994	4.475536782373509e-14
0.6600000000000001	-0.16000000000000003	4.700966007490308e-14
0.6600000000000001	-0.07999999999999996	8.844453144699514e-13
0.6600000000000001	-0.05999999999999994	9.027995546268157e-13
0.6600000000000001	-0.040000000000000036	9.162317854126114e-13
0.6600000000000001	-0.020000000000000018	9.243001440975078e-13
0.6600000000000001	0.	9.270791420282309e-13
0.6600000000000001	0.020000000000000018	9.243001440975078e-13
0.6600000000000001	0.040000000000000036	9.162317854126114e-13
0.6600000000000001	0.06000000000000005	9.027995546268157e-13
0.6600000000000001	0.08000000000000007	8.844453144699514e-13
0.6600000000000001	0.15999999999999992	4.700966007490308e-14
0.6600000000000001	0.17999999999999994	4.475536782373509e-14
0.6600000000000001	0.21999999999999997	2.1026779869665056e-15
0.6600000000000001	0.24	1.97002472604096e-15
0.6799999999999999	-0.17999999999999994	2.353405183417527e-15
0.6799999999999999	-0.16000000000000003	2.4520800532442826e-15
0.6799999999999999	-0.05999999999999994	5.5037755888611987e-14
0.6799999999999999	-0.040000000000000036	5.580323601566759e-14
0.6799999999999999	-0.020000000000000018	5.6206749647067196e-14
0.6799999999999999	0.	5.6375740685269817e-14
0.6799999999999999	0.020000000000000018	5.6206749647067196e-14
0.6799999999999999	0.040000000000000036	5.580323601566759e-14
0.6799999999999999	0.06000000000000005	5.5037755888611987e-14
0.6799999999999999	0.15999999999999992	2.4520800532442826e-15
0.6799999999999999	0.17999999999999994	2.353405183417527e-15
0.7	-0.07999999999999996	2.8051189780163176e-15
0.7	-0.05999999999999994	2.8519969137647463e-15
0.7	-0.040000000000000036	2.891663265066009e-15
0.7	-0.020000000000000018	2.9125729045095717e-15
0.7	0.	2.921329837121126e-15
0.7	0.020000000000000018	2.9125729045095717e-15
0.7	0.040000000000000036	2.891663265066009e-15
0.7	0.06000000000000005	2.8519969137647463e-15
0.7	0.08000000000000007	2.8051189780163176e-15