0.28	-0.09999999999999987	2.8827217933149167e-15
0.28	-0.040000000000000036	3.3542872824684815e-15
0.28	-0.020000000000000018	5.156510867209861e-15
0.28	0.	6.013382943346167e-15
0.28	0.020000000000000018	5.156510867209862e-15
0.28	0.040000000000000036	3.354287282468481e-15
0.28	0.10000000000000009	2.8827217933149163e-15
0.30000000000000004	-0.31999999999999995	1.6436717175942064e-15
0.30000000000000004	-0.29999999999999993	1.0998200582366344e-15
0.30000000000000004	-0.2599999999999999	3.4142508456399418e-15
0.30000000000000004	-0.24	2.058989912737715e-15
0.30000000000000004	-0.19999999999999996	6.547447827486369e-15
0.30000000000000004	-0.15999999999999992	1.2540741641439685e-14
0.30000000000000004	-0.11999999999999988	1.8411543049898637e-14
0.30000000000000004	-0.09999999999999987	5.741654353478049e-14
0.30000000000000004	-0.040000000000000036	5.4043356140296404e-14
0.30000000000000004	-0.020000000000000018	8.027076846759278e-14
0.30000000000000004	0.	9.070455700063031e-14
0.30000000000000004	0.020000000000000018	8.027076846759278e-14
0.30000000000000004	0.040000000000000036	5.4043356140296404e-14
0.30000000000000004	0.10000000000000009	5.741654353478049e-14
0.30000000000000004	0.1200000000000001	1.8411543049898637e-14
0.30000000000000004	0.16000000000000014	1.2540741641439685e-14
0.30000000000000004	0.20000000000000018	6.547447827486369e-15
0.30000000000000004	0.24	2.058989912737715e-15
0.30000000000000004	0.26	3.4142508456399418e-15
0.30000000000000004	0.30000000000000004	1.0998200582366344e-15
0.30000000000000004	0.32000000000000006	1.6436717175942064e-15
0.32000000000000006	-0.48	1.6176547674434476e-15
0.32000000000000006	-0.45999999999999996	2.3830833565068374e-15
0.32000000000000006	-0.43999999999999995	2.295940153325686e-15
0.32000000000000006	-0.3799999999999999	8.13474896236579e-15
0.32000000000000006	-0.36	9.500150358594664e-15
0.32000000000000006	-0.29999999999999993	2.5740646683275723e-14
0.32000000000000006	-0.24	5.207564746716522e-14
0.32000000000000006	-0.19999999999999996	1.3713743174463206e-13
0.32000000000000006	-0.15999999999999992	2.6004206061001806e-13
0.32000000000000006	-0.11999999999999988	3.0797421954746695e-13
0.32000000000000006	-0.09999999999999987	9.781763935190136e-13
0.32000000000000006	-0.040000000000000036	7.596077925002088e-13
0.32000000000000006	-0.020000000000000018	1.0577697089494563e-12
0.32000000000000006	0.	1.1952611727852235e-12
0.32000000000000006	0.020000000000000018	1.0577697089494563e-12
0.32000000000000006	0.040000000000000036	7.596077925002088e-13
0.32000000000000006	0.10000000000000009	9.781763935190136e-13
0.32000000000000006	0.1200000000000001	3.0797421954746695e-13
0.32000000000000006	0.16000000000000014	2.60042060610018e-13
0.32000000000000006	0.20000000000000018	1.3713743174463206e-13
0.32000000000000006	0.24	5.207564746716522e-14
0.32000000000000006	0.30000000000000004	2.5740646683275723e-14
0.32000000000000006	0.3600000000000001	9.500150358594662e-15
0.32000000000000006	0.3800000000000001	8.13474896236579e-15
0.32000000000000006	0.44000000000000017	2.295940153325686e-15
0.32000000000000006	0.4600000000000002	2.3830833565068374e-15
0.32000000000000006	0.48	1.6176547674434476e-15
0.3400000000000001	-0.5599999999999999	1.081375311637231e-15
0.3400000000000001	-0.5399999999999999	1.7261895185149238e-15
0.3400000000000001	-0.5199999999999999	2.9725452298624966e-15
0.3400000000000001	-0.4999999999999999	5.46830590649744e-15
0.3400000000000001	-0.43999999999999995	3.075844545212353e-14
0.3400000000000001	-0.41999999999999993	3.626788581524759e-14
0.3400000000000001	-0.33999999999999997	1.3103439783680195e-13
0.3400000000000001	-0.2799999999999999	3.9724487164432603e-13
0.3400000000000001	-0.24	1.0500255959779635e-12
0.3400000000000001	-0.17999999999999994	1.1034123300732992e-12
0.3400000000000001	-0.15999999999999992	4.478220067733934e-12
0.3400000000000001	-0.11999999999999988	4.867975200356561e-12
0.3400000000000001	-0.040000000000000036	9.044541770642793e-12
0.3400000000000001	-0.020000000000000018	1.2416481145495396e-11
0.3400000000000001	0.	1.3799684200387399e-11
0.3400000000000001	0.020000000000000018	1.2416481145495396e-11
0.3400000000000001	0.040000000000000036	9.044541770642793e-12
0.3400000000000001	0.1200000000000001	4.867975200356561e-12
0.3400000000000001	0.16000000000000014	4.478220067733934e-12
0.3400000000000001	0.18000000000000016	1.1034123300732992e-12
0.3400000000000001	0.24	1.0500255959779635e-12
0.3400000000000001	0.28	3.97244871644326e-13
0.3400000000000001	0.3400000000000001	1.3103439783680195e-13
0.3400000000000001	0.42000000000000015	3.626788581524759e-14
0.3400000000000001	0.44000000000000017	3.075844545212353e-14
0.3400000000000001	0.5	5.46830590649744e-15
0.3400000000000001	0.52	2.9725452298624966e-15
0.3400000000000001	0.54	1.7261895185149238e-15
0.3400000000000001	0.56	1.081375311637231e-15
0.3600000000000001	-0.6	1.4087411125764066e-15
0.3600000000000001	-0.58	2.2010115460804045e-15
0.3600000000000001	-0.4999999999999999	4.210747314001058e-14
0.3600000000000001	-0.48	7.723565583310124e-14
0.3600000000000001	-0.45999999999999996	1.1464029350421785e-13
0.3600000000000001	-0.3999999999999999	4.904074273604902e-13
0.3600000000000001	-0.3799999999999999	5.528653101355464e-13
0.3600000000000001	-0.33999999999999997	2.0044344344524517e-12
0.3600000000000001	-0.31999999999999995	1.8741291608405878e-12
0.3600000000000001	-0.2799999999999999	5.528181669716234e-12
0.3600000000000001	-0.2599999999999999	4.585867817799325e-12
0.3600000000000001	-0.21999999999999997	9.56627639217245e-12
0.3600000000000001	-0.17999999999999994	1.7894494025786033e-11
0.3600000000000001	-0.11999999999999988	6.468794257360417e-11
0.3600000000000001	-0.040000000000000036	9.697085297758912e-11
0.3600000000000001	-0.020000000000000018	1.2730611944389879e-10
0.3600000000000001	0.	1.3958800947804765e-10
0.3600000000000001	0.020000000000000018	1.2730611944389879e-10
0.3600000000000001	0.040000000000000036	9.697085297758912e-11
0.3600000000000001	0.1200000000000001	6.468794257360417e-11
0.3600000000000001	0.18000000000000016	1.7894494025786033e-11
0.3600000000000001	0.21999999999999997	9.566276392172451e-12
0.3600000000000001	0.26	4.585867817799325e-12
0.3600000000000001	0.28	5.528181669716234e-12
0.3600000000000001	0.32000000000000006	1.8741291608405878e-12
0.3600000000000001	0.3400000000000001	2.0044344344524517e-12
0.3600000000000001	0.3800000000000001	5.528653101355464e-13
0.3600000000000001	0.40000000000000013	4.904074273604902e-13
0.3600000000000001	0.4600000000000002	1.1464029350421785e-13
0.3600000000000001	0.48	7.723565583310124e-14
0.3600000000000001	0.5	4.210747314001058e-14
0.3600000000000001	0.5800000000000001	2.2010115460804045e-15
0.3600000000000001	0.6000000000000001	1.4087411125764066e-15
0.3800000000000001	-0.5599999999999999	2.6728909211337507e-14
0.3800000000000001	-0.5399999999999999	4.669335151646611e-14
0.3800000000000001	-0.5199999999999999	1.0738922048231955e-13
0.3800000000000001	-0.45999999999999996	7.456776062201392e-13
0.3800000000000001	-0.43999999999999995	1.333618386488689e-12
0.3800000000000001	-0.3799999999999999	5.6763001019276814e-12
0.3800000000000001	-0.36	7.039662935156129e-12
0.3800000000000001	-0.31999999999999995	2.2020575460413725e-11
0.3800000000000001	-0.29999999999999993	2.169220532113329e-11
0.3800000000000001	-0.2599999999999999	6.008694027744855e-11
0.3800000000000001	-0.21999999999999997	1.2796025435325567e-10
0.3800000000000001	-0.17999999999999994	2.1294242614805053e-10
0.3800000000000001	-0.1399999999999999	2.5407470830564565e-10
0.3800000000000001	-0.11999999999999988	6.324421393071289e-10
0.3800000000000001	-0.05999999999999983	6.149525102199111e-10
0.3800000000000001	-0.040000000000000036	9.069768772004487e-10
0.3800000000000001	-0.020000000000000018	1.1447189003912035e-9
0.3800000000000001	0.	1.2370854846931457e-9
0.3800000000000001	0.020000000000000018	1.1447189003912035e-9
0.3800000000000001	0.040000000000000036	9.069768772004487e-10
0.3800000000000001	0.06000000000000005	6.149525102199111e-10
0.3800000000000001	0.1200000000000001	6.324421393071289e-10
0.3800000000000001	0.14000000000000012	2.5407470830564565e-10
0.3800000000000001	0.18000000000000016	2.1294242614805053e-10
0.3800000000000001	0.21999999999999997	1.2796025435325567e-10
0.3800000000000001	0.26	6.008694027744855e-11
0.3800000000000001	0.30000000000000004	2.169220532113329e-11
0.3800000000000001	0.32000000000000006	2.2020575460413725e-11
0.3800000000000001	0.3600000000000001	7.039662935156129e-12
0.3800000000000001	0.3800000000000001	5.6763001019276814e-12
0.3800000000000001	0.44000000000000017	1.333618386488689e-12
0.3800000000000001	0.4600000000000002	7.456776062201392e-13
0.3800000000000001	0.52	1.0738922048231955e-13
0.3800000000000001	0.54	4.669335151646611e-14
0.3800000000000001	0.56	2.6728909211337507e-14
0.40000000000000013	-0.62	4.964298253354355e-15
0.40000000000000013	-0.6	1.6363070758080574e-14
0.40000000000000013	-0.5199999999999999	6.026708640612897e-13
0.40000000000000013	-0.4999999999999999	8.78423607819321e-13
0.40000000000000013	-0.48	1.6467585747073426e-12
0.40000000000000013	-0.41999999999999993	1.0832661055238744e-11
0.40000000000000013	-0.36	5.624028768330184e-11
0.40000000000000013	-0.29999999999999993	2.327785744380683e-10
0.40000000000000013	-0.2599999999999999	6.634833621664619e-10
0.40000000000000013	-0.21999999999999997	1.2567403499150842e-9
0.40000000000000013	-0.17999999999999994	2.2019455604250706e-9
0.40000000000000013	-0.1399999999999999	2.2509702480879433e-9
0.40000000000000013	-0.11999999999999988	5.408083435448072e-9
0.40000000000000013	-0.05999999999999983	5.150212719068405e-9
0.40000000000000013	-0.040000000000000036	7.225828381152723e-9
0.40000000000000013	-0.020000000000000018	8.888389565543085e-9
0.40000000000000013	0.	9.605587633849348e-9
0.40000000000000013	0.020000000000000018	8.888389565543085e-9
0.40000000000000013	0.040000000000000036	7.225828381152723e-9
0.40000000000000013	0.06000000000000005	5.150212719068405e-9
0.40000000000000013	0.1200000000000001	5.408083435448072e-9
0.40000000000000013	0.14000000000000012	2.2509702480879433e-9
0.40000000000000013	0.18000000000000016	2.2019455604250706e-9
0.40000000000000013	0.21999999999999997	1.2567403499150842e-9
0.40000000000000013	0.26	6.634833621664619e-10
0.40000000000000013	0.30000000000000004	2.327785744380683e-10
0.40000000000000013	0.3600000000000001	5.624028768330184e-11
0.40000000000000013	0.42000000000000015	1.0832661055238744e-11
0.40000000000000013	0.48	1.6467585747073426e-12
0.40000000000000013	0.5	8.78423607819321e-13
0.40000000000000013	0.52	6.026708640612897e-13
0.40000000000000013	0.6000000000000001	1.6363070758080574e-14
0.40000000000000013	0.6200000000000001	4.964298253354355e-15
0.42000000000000015	-0.6599999999999999	1.8011441115027973e-15
0.42000000000000015	-0.58	1.1351792697772086e-13
0.42000000000000015	-0.5599999999999999	4.0332947167257355e-13
0.42000000000000015	-0.5399999999999999	7.348881600233072e-13
0.42000000000000015	-0.48	9.632645461003407e-12
0.42000000000000015	-0.45999999999999996	1.781371999476808e-11
0.42000000000000015	-0.3999999999999999	1.1600597468864998e-10
0.42000000000000015	-0.33999999999999997	5.792270997085215e-10
0.42000000000000015	-0.29999999999999993	1.7822942963520824e-9
0.42000000000000015	-0.2799999999999999	1.7028217312314639e-9
0.42000000000000015	-0.24	3.43919535140409e-9
0.42000000000000015	-0.17999999999999994	1.5586682346931375e-8
0.42000000000000015	-0.1399999999999999	1.8709600629471507e-8
0.42000000000000015	-0.11999999999999988	3.9838560528045536e-8
0.42000000000000015	-0.05999999999999983	3.633198107334811e-8
0.42000000000000015	-0.040000000000000036	5.034408198879746e-8
0.42000000000000015	-0.020000000000000018	6.12692513103138e-8
0.42000000000000015	0.	6.534626902500747e-8
0.42000000000000015	0.020000000000000018	6.12692513103138e-8
0.42000000000000015	0.040000000000000036	5.034408198879746e-8
0.42000000000000015	0.06000000000000005	3.633198107334811e-8
0.42000000000000015	0.1200000000000001	3.9838560528045536e-8
0.42000000000000015	0.14000000000000012	1.8709600629471507e-8
0.42000000000000015	0.18000000000000016	1.5586682346931375e-8
0.42000000000000015	0.24	3.43919535140409e-9
0.42000000000000015	0.28	1.7028217312314639e-9
0.42000000000000015	0.30000000000000004	1.7822942963520824e-9
0.42000000000000015	0.3400000000000001	5.792270997085215e-10
0.42000000000000015	0.40000000000000013	1.1600597468864998e-10
0.42000000000000015	0.4600000000000002	1.781371999476808e-11
0.42000000000000015	0.48	9.632645461003407e-12
0.42000000000000015	0.54	7.348881600233072e-13
0.42000000000000015	0.56	4.0332947167257355e-13
0.42000000000000015	0.5800000000000001	1.1351792697772086e-13
0.42000000000000015	0.6600000000000001	1.8011441115027973e-15
0.44000000000000017	-0.6399999999999999	1.3020087060993508e-14
0.44000000000000017	-0.62	4.148313591548152e-14
0.44000000000000017	-0.6	1.4946142331189185e-13
0.44000000000000017	-0.5399999999999999	3.0449973402740687e-12
0.44000000000000017	-0.5199999999999999	6.885246592645503e-12
0.44000000000000017	-0.45999999999999996	7.757559269720176e-11
0.44000000000000017	-0.43999999999999995	1.356195242096603e-10
0.44000000000000017	-0.3799999999999999	1.0634072371522503e-9
0.44000000000000017	-0.33999999999999997	3.532769890954714e-9
0.44000000000000017	-0.31999999999999995	4.008486445680325e-9
0.44000000000000017	-0.2799999999999999	1.2421416148601132e-8
0.44000000000000017	-0.24	2.645635131724598e-8
0.44000000000000017	-0.19999999999999996	4.690615526800189e-8
0.44000000000000017	-0.17999999999999994	1.1701029459364681e-7
0.44000000000000017	-0.1399999999999999	1.339150118627033e-7
0.44000000000000017	-0.11999999999999988	2.5511376943634286e-7
0.44000000000000017	-0.05999999999999983	2.3204325681874727e-7
0.44000000000000017	-0.040000000000000036	3.072459193346156e-7
0.44000000000000017	-0.020000000000000018	3.690514470407545e-7
0.44000000000000017	0.	3.894845947523608e-7
0.44000000000000017	0.020000000000000018	3.690514470407545e-7
0.44000000000000017	0.040000000000000036	3.072459193346156e-7
0.44000000000000017	0.06000000000000005	2.3204325681874727e-7
0.44000000000000017	0.1200000000000001	2.5511376943634286e-7
0.44000000000000017	0.14000000000000012	1.339150118627033e-7
0.44000000000000017	0.18000000000000016	1.1701029459364681e-7
0.44000000000000017	0.20000000000000018	4.690615526800189e-8
0.44000000000000017	0.24	2.645635131724598e-8
0.44000000000000017	0.28	1.2421416148601132e-8
0.44000000000000017	0.32000000000000006	4.008486445680325e-9
0.44000000000000017	0.3400000000000001	3.532769890954714e-9
0.44000000000000017	0.3800000000000001	1.0634072371522503e-9
0.44000000000000017	0.44000000000000017	1.356195242096603e-10
0.44000000000000017	0.4600000000000002	7.757559269720176e-11
0.44000000000000017	0.52	6.885246592645503e-12
0.44000000000000017	0.54	3.0449973402740687e-12
0.44000000000000017	0.6000000000000001	1.4946142331189185e-13
0.44000000000000017	0.6200000000000001	4.148313591548152e-14
0.44000000000000017	0.6400000000000001	1.3020087060993508e-14
0.4600000000000002	-0.6799999999999999	2.130038666540732e-15
0.4600000000000002	-0.6599999999999999	8.893885856610216e-15
0.4600000000000002	-0.58	1.2225663069884964e-12
0.4600000000000002	-0.4999999999999999	5.7899631964227284e-11
0.4600000000000002	-0.43999999999999995	5.607414811567027e-10
0.4600000000000002	-0.41999999999999993	1.0981389784956822e-9
0.4600000000000002	-0.3799999999999999	5.215760923597443e-9
0.4600000000000002	-0.36	6.9768640426667484e-9
0.4600000000000002	-0.31999999999999995	2.3729232426863526e-8
0.4600000000000002	-0.2799999999999999	6.672123231751162e-8
0.4600000000000002	-0.24	1.6941243849557784e-7
0.4600000000000002	-0.19999999999999996	2.858615958322552e-7
0.4600000000000002	-0.1399999999999999	7.126755128333306e-7
0.4600000000000002	-0.11999999999999988	1.3317350226829797e-6
0.4600000000000002	-0.05999999999999983	1.2523315471953203e-6
0.4600000000000002	-0.040000000000000036	1.639528170641548e-6
0.4600000000000002	-0.020000000000000018	1.927209959563181e-6
0.4600000000000002	0.	2.0339131471290184e-6
0.4600000000000002	0.020000000000000018	1.9272099595631814e-6
0.4600000000000002	0.040000000000000036	1.639528170641548e-6
0.4600000000000002	0.06000000000000005	1.2523315471953203e-6
0.4600000000000002	0.1200000000000001	1.3317350226829797e-6
0.4600000000000002	0.14000000000000012	7.126755128333306e-7
0.4600000000000002	0.20000000000000018	2.858615958322552e-7
0.4600000000000002	0.24	1.6941243849557784e-7
0.4600000000000002	0.28	6.672123231751162e-8
0.4600000000000002	0.32000000000000006	2.3729232426863526e-8
0.4600000000000002	0.3600000000000001	6.9768640426667484e-9
0.4600000000000002	0.3800000000000001	5.215760923597443e-9
0.4600000000000002	0.42000000000000015	1.0981389784956822e-9
0.4600000000000002	0.44000000000000017	5.607414811567027e-10
0.4600000000000002	0.5	5.7899631964227284e-11
0.4600000000000002	0.5800000000000001	1.2225663069884964e-12
0.4600000000000002	0.6600000000000001	8.893885856610216e-15
0.4600000000000002	0.6800000000000002	2.130038666540732e-15
0.48	-0.6399999999999999	5.960322683303494e-14
0.48	-0.62	2.725938033132544e-13
0.48	-0.5599999999999999	8.719369078088227e-12
0.48	-0.5399999999999999	2.502685715514318e-11
0.48	-0.48	3.656179318762484e-10
0.48	-0.45999999999999996	7.804248834965474e-10
0.48	-0.41999999999999993	4.428824916602494e-9
0.48	-0.36	3.3148918258812454e-8
0.48	-0.31999999999999995	1.0215950987006314e-7
0.48	-0.2799999999999999	3.4941264828630034e-7
0.48	-0.24	7.38581890686064e-7
0.48	-0.19999999999999996	1.5002089200851135e-6
0.48	-0.1399999999999999	3.5668001803494296e-6
0.48	-0.05999999999999983	5.915079073565762e-6
0.48	-0.040000000000000036	7.664776175578116e-6
0.48	-0.020000000000000018	8.817465736097365e-6
0.48	0.	9.305659404683114e-6
0.48	0.020000000000000018	8.817465736097365e-6
0.48	0.040000000000000036	7.664776175578116e-6
0.48	0.06000000000000005	5.915079073565762e-6
0.48	0.14000000000000012	3.5668001803494296e-6
0.48	0.20000000000000018	1.5002089200851135e-6
0.48	0.24	7.38581890686064e-7
0.48	0.28	3.4941264828630034e-7
0.48	0.32000000000000006	1.0215950987006314e-7
0.48	0.3600000000000001	3.3148918258812454e-8
0.48	0.42000000000000015	4.428824916602494e-9
0.48	0.4600000000000002	7.804248834965474e-10
0.48	0.48	3.656179318762484e-10
0.48	0.54	2.502685715514318e-11
0.48	0.56	8.719369078088227e-12
0.48	0.6200000000000001	2.725938033132544e-13
0.48	0.6400000000000001	5.960322683303494e-14
0.5	-0.7	1.427694027464451e-15
0.5	-0.6799999999999999	7.628045937306246e-15
0.5	-0.62	3.7273926891792243e-13
0.5	-0.6	1.6467585747073204e-12
0.5	-0.5399999999999999	4.7482628137055645e-11
0.5	-0.5199999999999999	1.6444763736894702e-10
0.5	-0.45999999999999996	2.4986299501172273e-9
0.5	-0.3999999999999999	2.5464453094628937e-8
0.5	-0.36	1.1340058629088221e-7
0.5	-0.29999999999999993	4.828191415410247e-7
0.5	-0.2599999999999999	1.4053458184860164e-6
0.5	-0.19999999999999996	5.606461469333095e-6
0.5	-0.15999999999999992	7.964985910644759e-6
0.5	-0.1399999999999999	0.000015386106814114863
0.5	-0.05999999999999983	0.000024453880063923518
0.5	-0.040000000000000036	0.000030724643827836584
0.5	-0.020000000000000018	0.000035738354414127965
0.5	0.	0.000037302207428187754
0.5	0.020000000000000018	0.000035738354414127965
0.5	0.040000000000000036	0.000030724643827836584
0.5	0.06000000000000005	0.000024453880063923518
0.5	0.14000000000000012	0.000015386106814114863
0.5	0.16000000000000014	7.964985910644759e-6
0.5	0.20000000000000018	5.606461469333095e-6
0.5	0.26	1.4053458184860164e-6
0.5	0.30000000000000004	4.828191415410247e-7
0.5	0.3600000000000001	1.1340058629088221e-7
0.5	0.40000000000000013	2.5464453094628937e-8
0.5	0.4600000000000002	2.4986299501172273e-9
0.5	0.52	1.6444763736894702e-10
0.5	0.54	4.7482628137055645e-11
0.5	0.6000000000000001	1.6467585747073204e-12
0.5	0.6200000000000001	3.7273926891792243e-13
0.5	0.6800000000000002	7.628045937306246e-15
0.5	0.7000000000000002	1.427694027464451e-15
0.52	-0.6799999999999999	7.199236287613212e-15
0.52	-0.6599999999999999	4.853548653408445e-14
0.52	-0.6399999999999999	2.8176968500890806e-13
0.52	-0.58	1.1716931940389519e-11
0.52	-0.5199999999999999	3.5838440956349943e-10
0.52	-0.4999999999999999	9.516388477855102e-10
0.52	-0.43999999999999995	1.5327928107721303e-8
0.52	-0.3999999999999999	8.056390745924988e-8
0.52	-0.3799999999999999	1.5213638092077845e-7
0.52	-0.33999999999999997	5.141591408967361e-7
0.52	-0.29999999999999993	1.9632272859379156e-6
0.52	-0.2599999999999999	5.3150552495834066e-6
0.52	-0.19999999999999996	0.000022007769478006698
0.52	-0.15999999999999992	0.00002857427458265086
0.52	-0.1399999999999999	0.00005412607976273495
0.52	-0.05999999999999983	0.00008846409293246347
0.52	-0.040000000000000036	0.00011218316895536804
0.52	-0.020000000000000018	0.00012551469113098503
0.52	0.	0.0001310070125109638
0.52	0.020000000000000018	0.00012551469113098503
0.52	0.040000000000000036	0.00011218316895536804
0.52	0.06000000000000005	0.00008846409293246347
0.52	0.14000000000000012	0.00005412607976273495
0.52	0.16000000000000014	0.00002857427458265086
0.52	0.20000000000000018	0.000022007769478006698
0.52	0.26	5.3150552495834066e-6
0.52	0.30000000000000004	1.9632272859379156e-6
0.52	0.3400000000000001	5.141591408967361e-7
0.52	0.3800000000000001	1.5213638092077845e-7
0.52	0.40000000000000013	8.056390745924988e-8
0.52	0.44000000000000017	1.5327928107721303e-8
0.52	0.5	9.516388477855102e-10
0.52	0.52	3.5838440956349943e-10
0.52	0.5800000000000001	1.1716931940389519e-11
0.52	0.6400000000000001	2.8176968500890806e-13
0.52	0.6600000000000001	4.853548653408445e-14
0.52	0.6800000000000002	7.199236287613212e-15
0.54	-0.7	3.707886827450852e-15
0.54	-0.6399999999999999	2.8817919959084527e-13
0.54	-0.62	1.616129238994578e-12
0.54	-0.5599999999999999	6.09989510714912e-11
0.54	-0.5399999999999999	2.575020465028451e-10
0.54	-0.4999999999999999	1.6703304434156896e-9
0.54	-0.48	5.229277496348078e-9
0.54	-0.43999999999999995	3.282311275499916e-8
0.54	-0.41999999999999993	7.057310515029553e-8
0.54	-0.3799999999999999	3.4215851986230687e-7
0.54	-0.33999999999999997	1.4506291968318278e-6
0.54	-0.29999999999999993	5.202493565117365e-6
0.54	-0.2599999999999999	0.000013828279222430186
0.54	-0.21999999999999997	0.000032276562597606116
0.54	-0.19999999999999996	0.00006789657297150575
0.54	-0.15999999999999992	0.00009639384482872087
0.54	-0.1399999999999999	0.00016610449178583328
0.54	-0.05999999999999983	0.00028014900152697315
0.54	-0.040000000000000036	0.00034519169992634465
0.54	-0.020000000000000018	0.00038621327959163174
0.54	0.	0.00040311335267167607
0.54	0.020000000000000018	0.00038621327959163174
0.54	0.040000000000000036	0.00034519169992634465
0.54	0.06000000000000005	0.00028014900152697315
0.54	0.14000000000000012	0.00016610449178583328
0.54	0.16000000000000014	0.00009639384482872087
0.54	0.20000000000000018	0.00006789657297150575
0.54	0.21999999999999997	0.000032276562597606116
0.54	0.26	0.000013828279222430186
0.54	0.30000000000000004	5.202493565117365e-6
0.54	0.3400000000000001	1.4506291968318278e-6
0.54	0.3800000000000001	3.4215851986230687e-7
0.54	0.42000000000000015	7.057310515029553e-8
0.54	0.44000000000000017	3.282311275499916e-8
0.54	0.48	5.229277496348078e-9
0.54	0.5	1.6703304434156896e-9
0.54	0.54	2.575020465028451e-10
0.54	0.56	6.09989510714912e-11
0.54	0.6200000000000001	1.616129238994578e-12
0.54	0.6400000000000001	2.8817919959084527e-13
0.54	0.7000000000000002	3.707886827450852e-15
0.56	-0.7	2.6174524000563905e-15
0.56	-0.6799999999999999	1.8390128106865636e-14
0.56	-0.62	1.596698913212219e-12
0.56	-0.6	8.64997922281109e-12
0.56	-0.5399999999999999	3.5299364857132437e-10
0.56	-0.5199999999999999	1.2001456984119668e-9
0.56	-0.48	8.821400171975502e-9
0.56	-0.45999999999999996	2.5494477188854787e-8
0.56	-0.41999999999999993	1.731057442787226e-7
0.56	-0.3799999999999999	8.814608887587238e-7
0.56	-0.29999999999999993	0.00001364639590964621
0.56	-0.2599999999999999	0.000039118656502996037
0.56	-0.21999999999999997	0.00008934110874303755
0.56	-0.15999999999999992	0.0002625570656898498
0.56	-0.1399999999999999	0.0004446856903092783
0.56	-0.05999999999999983	0.0007762263385785813
0.56	-0.040000000000000036	0.0009306055021458884
0.56	-0.020000000000000018	0.0010411959588439421
0.56	0.	0.0010867570224451608
0.56	0.020000000000000018	0.0010411959588439421
0.56	0.040000000000000036	0.0009306055021458884
0.56	0.06000000000000005	0.0007762263385785813
0.56	0.14000000000000012	0.0004446856903092783
0.56	0.16000000000000014	0.0002625570656898498
0.56	0.21999999999999997	0.00008934110874303755
0.56	0.26	0.000039118656502996037
0.56	0.30000000000000004	0.00001364639590964621
0.56	0.3800000000000001	8.814608887587238e-7
0.56	0.42000000000000015	1.731057442787226e-7
0.56	0.4600000000000002	2.5494477188854787e-8
0.56	0.48	8.821400171975502e-9
0.56	0.52	1.2001456984119668e-9
0.56	0.54	3.5299364857132437e-10
0.56	0.6000000000000001	8.64997922281109e-12
0.56	0.6200000000000001	1.596698913212219e-12
0.56	0.6800000000000002	1.8390128106865636e-14
0.56	0.7000000000000002	2.6174524000563905e-15
0.5800000000000001	-0.6599999999999999	8.248220713079135e-14
0.5800000000000001	-0.6399999999999999	5.922673042995478e-13
0.5800000000000001	-0.58	4.320273056233125e-11
0.5800000000000001	-0.5199999999999999	1.589273920774229e-9
0.5800000000000001	-0.45999999999999996	4.13978841237316e-8
0.5800000000000001	-0.41999999999999993	2.581918675733701e-7
0.5800000000000001	-0.3999999999999999	6.972975293143092e-7
0.5800000000000001	-0.36	3.2597469599475555e-6
0.5800000000000001	-0.31999999999999995	0.00001315713784265337
0.5800000000000001	-0.2799999999999999	0.00004432871688028804
0.5800000000000001	-0.2599999999999999	0.00008534013852932646
0.5800000000000001	-0.21999999999999997	0.0001950417680824978
0.5800000000000001	-0.15999999999999992	0.0006238714179436977
0.5800000000000001	-0.1399999999999999	0.0010385368392034594
0.5800000000000001	-0.05999999999999983	0.0018829692346316177
0.5800000000000001	-0.040000000000000036	0.0022384651390472635
0.5800000000000001	-0.020000000000000018	0.002459293577565199
0.5800000000000001	0.	0.0025669083163180513
0.5800000000000001	0.020000000000000018	0.002459293577565199
0.5800000000000001	0.040000000000000036	0.0022384651390472635
0.5800000000000001	0.06000000000000005	0.0018829692346316177
0.5800000000000001	0.14000000000000012	0.0010385368392034594
0.5800000000000001	0.16000000000000014	0.0006238714179436977
0.5800000000000001	0.21999999999999997	0.0001950417680824978
0.5800000000000001	0.26	0.00008534013852932646
0.5800000000000001	0.28	0.00004432871688028804
0.5800000000000001	0.32000000000000006	0.00001315713784265337
0.5800000000000001	0.3600000000000001	3.2597469599475555e-6
0.5800000000000001	0.40000000000000013	6.972975293143092e-7
0.5800000000000001	0.42000000000000015	2.581918675733701e-7
0.5800000000000001	0.4600000000000002	4.13978841237316e-8
0.5800000000000001	0.52	1.589273920774229e-9
0.5800000000000001	0.5800000000000001	4.320273056233125e-11
0.5800000000000001	0.6400000000000001	5.922673042995478e-13
0.5800000000000001	0.6600000000000001	8.248220713079135e-14
0.6000000000000001	-0.7	3.810517363148493e-15
0.6000000000000001	-0.6399999999999999	4.414680216891629e-13
0.6000000000000001	-0.62	3.0622124148940327e-12
0.6000000000000001	-0.5599999999999999	2.0135595793589156e-10
0.6000000000000001	-0.4999999999999999	8.066912574234082e-9
0.6000000000000001	-0.45999999999999996	5.788580778469127e-8
0.6000000000000001	-0.3999999999999999	1.0333745631378109e-6
0.6000000000000001	-0.36	6.027073763666838e-6
0.6000000000000001	-0.31999999999999995	0.000023159407527854053
0.6000000000000001	-0.2799999999999999	0.00008648646531588628
0.6000000000000001	-0.21999999999999997	0.00044340713037378863
0.6000000000000001	-0.15999999999999992	0.0012931932866381295
0.6000000000000001	-0.1399999999999999	0.0019947853504443374
0.6000000000000001	-0.05999999999999983	0.003995991845667419
0.6000000000000001	-0.040000000000000036	0.0047086806566815995
0.6000000000000001	-0.020000000000000018	0.005178017347278938
0.6000000000000001	0.	0.005319692834605983
0.6000000000000001	0.020000000000000018	0.005178017347278938
0.6000000000000001	0.040000000000000036	0.0047086806566815995
0.6000000000000001	0.06000000000000005	0.003995991845667419
0.6000000000000001	0.14000000000000012	0.0019947853504443374
0.6000000000000001	0.16000000000000014	0.0012931932866381295
0.6000000000000001	0.21999999999999997	0.00044340713037378863
0.6000000000000001	0.28	0.00008648646531588628
0.6000000000000001	0.32000000000000006	0.000023159407527854053
0.6000000000000001	0.3600000000000001	6.027073763666838e-6
0.6000000000000001	0.40000000000000013	1.0333745631378109e-6
0.6000000000000001	0.4600000000000002	5.788580778469127e-8
0.6000000000000001	0.5	8.066912574234082e-9
0.6000000000000001	0.56	2.0135595793589156e-10
0.6000000000000001	0.6200000000000001	3.0622124148940327e-12
0.6000000000000001	0.6400000000000001	4.414680216891629e-13
0.6000000000000001	0.7000000000000002	3.810517363148493e-15
0.6200000000000001	-0.6799999999999999	1.7211460417301353e-14
0.6200000000000001	-0.62	2.204932925460136e-12
0.6200000000000001	-0.6	1.4774405787382308e-11
0.6200000000000001	-0.5399999999999999	8.757394780630316e-10
0.6200000000000001	-0.4999999999999999	7.355175832416246e-9
0.6200000000000001	-0.43999999999999995	2.4584361579857697e-7
0.6200000000000001	-0.3999999999999999	1.5182075714569482e-6
0.6200000000000001	-0.36	8.348250843420427e-6
0.6200000000000001	-0.31999999999999995	0.00003587184866536469
0.6200000000000001	-0.2799999999999999	0.00013087961454756657
0.6200000000000001	-0.24	0.0003917065494764556
0.6200000000000001	-0.21999999999999997	0.0007334951179190363
0.6200000000000001	-0.15999999999999992	0.00233845365354364
0.6200000000000001	-0.1399999999999999	0.003553451763333354
0.6200000000000001	-0.05999999999999983	0.007425235181520149
0.6200000000000001	-0.040000000000000036	0.00853733651571091
0.6200000000000001	-0.020000000000000018	0.009388293622159365
0.6200000000000001	0.	0.009645166279178904
0.6200000000000001	0.020000000000000018	0.009388293622159365
0.6200000000000001	0.040000000000000036	0.00853733651571091
0.6200000000000001	0.06000000000000005	0.007425235181520149
0.6200000000000001	0.14000000000000012	0.003553451763333354
0.6200000000000001	0.16000000000000014	0.00233845365354364
0.6200000000000001	0.21999999999999997	0.0007334951179190363
0.6200000000000001	0.24	0.0003917065494764556
0.6200000000000001	0.28	0.00013087961454756657
0.6200000000000001	0.32000000000000006	0.00003587184866536469
0.6200000000000001	0.3600000000000001	8.348250843420427e-6
0.6200000000000001	0.40000000000000013	1.5182075714569482e-6
0.6200000000000001	0.44000000000000017	2.4584361579857697e-7
0.6200000000000001	0.5	7.355175832416246e-9
0.6200000000000001	0.54	8.757394780630316e-10
0.6200000000000001	0.6000000000000001	1.4774405787382308e-11
0.6200000000000001	0.6200000000000001	2.204932925460136e-12
0.6200000000000001	0.6800000000000002	1.7211460417301353e-14
0.6400000000000001	-0.6599999999999999	7.068956056388669e-14
0.6400000000000001	-0.6	8.65812221461617e-12
0.6400000000000001	-0.5399999999999999	6.415442052848741e-10
0.6400000000000001	-0.48	2.7855939729385026e-8
0.6400000000000001	-0.43999999999999995	2.421024421693319e-7
0.6400000000000001	-0.3799999999999999	5.247799726896446e-6
0.6400000000000001	-0.33999999999999997	0.000023159407527854093
0.6400000000000001	-0.31999999999999995	0.00004757302794864262
0.6400000000000001	-0.2799999999999999	0.00019082878201345457
0.6400000000000001	-0.24	0.0005739885020905297
0.6400000000000001	-0.21999999999999997	0.0010584948515605344
0.6400000000000001	-0.17999999999999994	0.0023307887615216316
0.6400000000000001	-0.15999999999999992	0.0036888506001465995
0.6400000000000001	-0.1399999999999999	0.005522041058724985
0.6400000000000001	-0.05999999999999983	0.011795218952165275
0.6400000000000001	-0.040000000000000036	0.013561826798664443
0.6400000000000001	-0.020000000000000018	0.014913598849527029
0.6400000000000001	0.	0.015321649121107738
0.6400000000000001	0.020000000000000018	0.014913598849527029
0.6400000000000001	0.040000000000000036	0.013561826798664443
0.6400000000000001	0.06000000000000005	0.011795218952165275
0.6400000000000001	0.14000000000000012	0.005522041058724985
0.6400000000000001	0.16000000000000014	0.0036888506001465995
0.6400000000000001	0.18000000000000016	0.0023307887615216316
0.6400000000000001	0.21999999999999997	0.0010584948515605344
0.6400000000000001	0.24	0.0005739885020905297
0.6400000000000001	0.28	0.00019082878201345457
0.6400000000000001	0.32000000000000006	0.00004757302794864262
0.6400000000000001	0.3400000000000001	0.000023159407527854093
0.6400000000000001	0.3800000000000001	5.247799726896446e-6
0.6400000000000001	0.44000000000000017	2.421024421693319e-7
0.6400000000000001	0.48	2.7855939729385026e-8
0.6400000000000001	0.54	6.415442052848741e-10
0.6400000000000001	0.6000000000000001	8.65812221461617e-12
0.6400000000000001	0.6600000000000001	7.068956056388669e-14
0.6600000000000001	-0.7	1.312486944233925e-15
0.6600000000000001	-0.6399999999999999	2.8634016058602176e-13
0.6600000000000001	-0.58	3.115107366879446e-11
0.6600000000000001	-0.5199999999999999	2.5333139157446503e-9
0.6600000000000001	-0.48	2.5524873153099105e-8
0.6600000000000001	-0.45999999999999996	9.844637392819379e-8
0.6600000000000001	-0.41999999999999993	7.847431349995893e-7
0.6600000000000001	-0.3799999999999999	5.6544391857454345e-6
0.6600000000000001	-0.33999999999999997	0.000030823808755753455
0.6600000000000001	-0.2799999999999999	0.0002437622210943734
0.6600000000000001	-0.24	0.0008039440687265748
0.6600000000000001	-0.21999999999999997	0.001440317502481329
0.6600000000000001	-0.17999999999999994	0.003256797976511404
0.6600000000000001	-0.15999999999999992	0.00507633577242189
0.6600000000000001	-0.07999999999999985	0.013959231646712868
0.6600000000000001	-0.05999999999999983	0.016797479043756253
0.6600000000000001	-0.040000000000000036	0.01918098168655486
0.6600000000000001	-0.020000000000000018	0.02075634501062317
0.6600000000000001	0.	0.021324258383113828
0.6600000000000001	0.020000000000000018	0.02075634501062317
0.6600000000000001	0.040000000000000036	0.01918098168655486
0.6600000000000001	0.06000000000000005	0.016797479043756253
0.6600000000000001	0.08000000000000007	0.013959231646712868
0.6600000000000001	0.16000000000000014	0.00507633577242189
0.6600000000000001	0.18000000000000016	0.003256797976511404
0.6600000000000001	0.21999999999999997	0.001440317502481329
0.6600000000000001	0.24	0.0008039440687265748
0.6600000000000001	0.28	0.0002437622210943734
0.6600000000000001	0.3400000000000001	0.000030823808755753455
0.6600000000000001	0.3800000000000001	5.6544391857454345e-6
0.6600000000000001	0.42000000000000015	7.847431349995893e-7
0.6600000000000001	0.4600000000000002	9.844637392819379e-8
0.6600000000000001	0.48	2.5524873153099105e-8
0.6600000000000001	0.52	2.5333139157446503e-9
0.6600000000000001	0.5800000000000001	3.115107366879446e-11
0.6600000000000001	0.6400000000000001	2.8634016058602176e-13
0.6600000000000001	0.7000000000000002	1.312486944233925e-15
0.6800000000000002	-0.6799999999999999	6.5552781524356166e-15
0.6800000000000002	-0.62	1.0610122740575976e-12
0.6800000000000002	-0.5599999999999999	1.286326835614043e-10
0.6800000000000002	-0.5199999999999999	1.5251741529399152e-9
0.6800000000000002	-0.4999999999999999	7.864595206710835e-9
0.6800000000000002	-0.45999999999999996	8.714130923814202e-8
0.6800000000000002	-0.41999999999999993	6.668919189267619e-7
0.6800000000000002	-0.3799999999999999	5.2024935651173505e-6
0.6800000000000002	-0.33999999999999997	0.000028031821333384252
0.6800000000000002	-0.29999999999999993	0.00014648364541711384
0.6800000000000002	-0.24	0.0008944133684531022
0.6800000000000002	-0.17999999999999994	0.003969846152490024
0.6800000000000002	-0.15999999999999992	0.005745331950862116
0.6800000000000002	-0.05999999999999983	0.020947447068243176
0.6800000000000002	-0.040000000000000036	0.02372232275149468
0.6800000000000002	-0.020000000000000018	0.02530998776160278
0.6800000000000002	0.	0.02600249313767128
0.6800000000000002	0.020000000000000018	0.02530998776160278
0.6800000000000002	0.040000000000000036	0.02372232275149468
0.6800000000000002	0.06000000000000005	0.020947447068243176
0.6800000000000002	0.16000000000000014	0.005745331950862116
0.6800000000000002	0.18000000000000016	0.003969846152490024
0.6800000000000002	0.24	0.0008944133684531022
0.6800000000000002	0.30000000000000004	0.00014648364541711384
0.6800000000000002	0.3400000000000001	0.000028031821333384252
0.6800000000000002	0.3800000000000001	5.2024935651173505e-6
0.6800000000000002	0.42000000000000015	6.668919189267619e-7
0.6800000000000002	0.4600000000000002	8.714130923814202e-8
0.6800000000000002	0.5	7.864595206710835e-9
0.6800000000000002	0.52	1.5251741529399152e-9
0.6800000000000002	0.56	1.286326835614043e-10
0.6800000000000002	0.6200000000000001	1.0610122740575976e-12
0.6800000000000002	0.6800000000000002	6.5552781524356166e-15
0.7000000000000002	-0.6599999999999999	2.0928958022480198e-14
0.7000000000000002	-0.6	4.535447460561233e-12
0.7000000000000002	-0.5599999999999999	7.252110423286189e-11
0.7000000000000002	-0.5399999999999999	4.956633364073563e-10
0.7000000000000002	-0.4999999999999999	5.48418451409206e-9
0.7000000000000002	-0.45999999999999996	5.801575713300106e-8
0.7000000000000002	-0.41999999999999993	4.828191415410239e-7
0.7000000000000002	-0.3799999999999999	3.6951539652048752e-6
0.7000000000000002	-0.33999999999999997	0.00002507213416301172
0.7000000000000002	-0.29999999999999993	0.00012924400573550125
0.7000000000000002	-0.24	0.00086805590496135
0.7000000000000002	-0.17999999999999994	0.00422135120749097
0.7000000000000002	-0.15999999999999992	0.006030591378302049
0.7000000000000002	-0.07999999999999985	0.019278129939419634
0.7000000000000002	-0.05999999999999983	0.022379211795217988
0.7000000000000002	-0.040000000000000036	0.02534375112158917
0.7000000000000002	-0.020000000000000018	0.027039933544454987
0.7000000000000002	0.	0.027779771885130828
0.7000000000000002	0.020000000000000018	0.027039933544454987
0.7000000000000002	0.040000000000000036	0.02534375112158917
0.7000000000000002	0.06000000000000005	0.022379211795217988
0.7000000000000002	0.08000000000000007	0.019278129939419634
0.7000000000000002	0.16000000000000014	0.006030591378302049
0.7000000000000002	0.18000000000000016	0.00422135120749097
0.7000000000000002	0.24	0.00086805590496135
0.7000000000000002	0.30000000000000004	0.00012924400573550125
0.7000000000000002	0.3400000000000001	0.00002507213416301172
0.7000000000000002	0.3800000000000001	3.6951539652048752e-6
0.7000000000000002	0.42000000000000015	4.828191415410239e-7
0.7000000000000002	0.4600000000000002	5.801575713300106e-8
0.7000000000000002	0.5	5.48418451409206e-9
0.7000000000000002	0.54	4.956633364073563e-10
0.7000000000000002	0.56	7.252110423286189e-11
0.7000000000000002	0.6000000000000001	4.535447460561233e-12
0.7000000000000002	0.6600000000000001	2.0928958022480198e-14
0.72	-0.6599999999999999	7.450648093192661e-15
0.72	-0.6399999999999999	9.26123195350018e-14
0.72	-0.6	1.410055249341009e-12
0.72	-0.58	1.2884848694185031e-11
0.72	-0.5399999999999999	1.9561018218490976e-10
0.72	-0.4999999999999999	2.427914440629472e-9
0.72	-0.43999999999999995	1.5533668724048834e-7
0.72	-0.3999999999999999	1.3865574116358888e-6
0.72	-0.33999999999999997	0.000019229438806267555
0.72	-0.29999999999999993	0.00009947790561532426
0.72	-0.24	0.0007349437109010858
0.72	-0.17999999999999994	0.0036888506001465965
0.72	-0.15999999999999992	0.005233819735058352
0.72	-0.07999999999999985	0.018044764497335736
0.72	-0.05999999999999983	0.021386595122141007
0.72	-0.040000000000000036	0.023722322751494676
0.72	-0.020000000000000018	0.025309987761602776
0.72	0.	0.026002493137671275
0.72	0.020000000000000018	0.025309987761602776
0.72	0.040000000000000036	0.023722322751494676
0.72	0.06000000000000005	0.021386595122141007
0.72	0.08000000000000007	0.018044764497335736
0.72	0.16000000000000014	0.005233819735058352
0.72	0.18000000000000016	0.0036888506001465965
0.72	0.24	0.0007349437109010858
0.72	0.30000000000000004	0.00009947790561532426
0.72	0.3400000000000001	0.000019229438806267555
0.72	0.40000000000000013	1.3865574116358888e-6
0.72	0.44000000000000017	1.5533668724048834e-7
0.72	0.5	2.427914440629472e-9
0.72	0.54	1.9561018218490976e-10
0.72	0.5800000000000001	1.2884848694185031e-11
0.72	0.6000000000000001	1.410055249341009e-12
0.72	0.6400000000000001	9.26123195350018e-14
0.72	0.6600000000000001	7.450648093192661e-15
0.74	-0.6399999999999999	2.2293865022577452e-14
0.74	-0.58	5.528181669716225e-12
0.74	-0.5399999999999999	9.253379811055475e-11
0.74	-0.5199999999999999	6.913108416595083e-10
0.74	-0.48	8.007048223287023e-9
0.74	-0.43999999999999995	9.934732258754954e-8
0.74	-0.3999999999999999	8.626484003904056e-7
0.74	-0.36	5.927036326805922e-6
0.74	-0.29999999999999993	0.0000667940548908032
0.74	-0.2599999999999999	0.0003600275799587684
0.74	-0.24	0.0005428219852334079
0.74	-0.17999999999999994	0.0029911683896685403
0.74	-0.15999999999999992	0.003967630386674193
0.74	-0.05999999999999983	0.0175388289847817
0.74	-0.040000000000000036	0.01945432451889094
0.74	-0.020000000000000018	0.02091338758172162
0.74	0.	0.021324258383113803
0.74	0.020000000000000018	0.02091338758172162
0.74	0.040000000000000036	0.01945432451889094
0.74	0.06000000000000005	0.0175388289847817
0.74	0.16000000000000014	0.003967630386674193
0.74	0.18000000000000016	0.0029911683896685403
0.74	0.24	0.0005428219852334079
0.74	0.26	0.0003600275799587684
0.74	0.30000000000000004	0.0000667940548908032
0.74	0.3600000000000001	5.927036326805922e-6
0.74	0.40000000000000013	8.626484003904056e-7
0.74	0.44000000000000017	9.934732258754954e-8
0.74	0.48	8.007048223287023e-9
0.74	0.52	6.913108416595083e-10
0.74	0.54	9.253379811055475e-11
0.74	0.5800000000000001	5.528181669716225e-12
0.74	0.6400000000000001	2.2293865022577452e-14
0.76	-0.62	7.732101615184987e-14
0.76	-0.58	1.4736099237288185e-12
0.76	-0.5599999999999999	1.4718932804121065e-11
0.76	-0.5199999999999999	2.339172616137053e-10
0.76	-0.48	3.5368048843047933e-9
0.76	-0.43999999999999995	4.2121197507920584e-8
0.76	-0.3999999999999999	4.5904377217275034e-7
0.76	-0.36	3.5413908161205373e-6
0.76	-0.29999999999999993	0.000039124061943199464
0.76	-0.2599999999999999	0.00023453259171416377
0.76	-0.24	0.00034975002148121467
0.76	-0.17999999999999994	0.001994785350444331
0.76	-0.15999999999999992	0.002776761121105151
0.76	-0.07999999999999985	0.011223096899395964
0.76	-0.05999999999999983	0.012860550601057735
0.76	-0.040000000000000036	0.014174485775917352
0.76	-0.020000000000000018	0.01502643518494454
0.76	0.	0.015321649121107707
0.76	0.020000000000000018	0.01502643518494454
0.76	0.040000000000000036	0.014174485775917352
0.76	0.06000000000000005	0.012860550601057735
0.76	0.08000000000000007	0.011223096899395964
0.76	0.16000000000000014	0.002776761121105151
0.76	0.18000000000000016	0.001994785350444331
0.76	0.24	0.00034975002148121467
0.76	0.26	0.00023453259171416377
0.76	0.30000000000000004	0.000039124061943199464
0.76	0.3600000000000001	3.5413908161205373e-6
0.76	0.40000000000000013	4.5904377217275034e-7
0.76	0.44000000000000017	4.2121197507920584e-8
0.76	0.48	3.5368048843047933e-9
0.76	0.52	2.339172616137053e-10
0.76	0.56	1.4718932804121065e-11
0.76	0.5800000000000001	1.4736099237288185e-12
0.76	0.6200000000000001	7.732101615184987e-14
0.78	-0.62	1.8674707746273513e-14
0.78	-0.6	2.472367631770626e-13
0.78	-0.5599999999999999	5.298771099646565e-12
0.78	-0.5199999999999999	9.284682449520471e-11
0.78	-0.48	1.3301136083385222e-9
0.78	-0.3999999999999999	1.896411478848254e-7
0.78	-0.36	1.8153301978788026e-6
0.78	-0.31999999999999995	0.000013664991788118485
0.78	-0.29999999999999993	0.000019991483334899955
0.78	-0.2599999999999999	0.0001233061078611216
0.78	-0.24	0.00018195265071931625
0.78	-0.17999999999999994	0.0011669828428024199
0.78	-0.07999999999999985	0.007065077323359623
0.78	-0.05999999999999983	0.008095874537298363
0.78	-0.040000000000000036	0.008923012865647362
0.78	-0.020000000000000018	0.009459325480990778
0.78	0.	0.009645166279178876
0.78	0.020000000000000018	0.009459325480990778
0.78	0.040000000000000036	0.008923012865647362
0.78	0.06000000000000005	0.008095874537298363
0.78	0.08000000000000007	0.007065077323359623
0.78	0.18000000000000016	0.0011669828428024199
0.78	0.24	0.00018195265071931625
0.78	0.26	0.0001233061078611216
0.78	0.30000000000000004	0.000019991483334899955
0.78	0.32000000000000006	0.000013664991788118485
0.78	0.3600000000000001	1.8153301978788026e-6
0.78	0.40000000000000013	1.896411478848254e-7
0.78	0.48	1.3301136083385222e-9
0.78	0.52	9.284682449520471e-11
0.78	0.56	5.298771099646565e-12
0.78	0.6000000000000001	2.472367631770626e-13
0.78	0.6200000000000001	1.8674707746273513e-14
0.8	-0.6	5.037103368929701e-14
0.8	-0.5599999999999999	1.2110431889575008e-12
0.8	-0.4999999999999999	2.1997016010152694e-10
0.8	-0.45999999999999996	2.9919430281893566e-9
0.8	-0.41999999999999993	4.2477744522027864e-8
0.8	-0.36	7.307486828247819e-7
0.8	-0.31999999999999995	6.144135215035571e-6
0.8	-0.2599999999999999	0.00006124996320561359
0.8	-0.24	0.000089425292280672
0.8	-0.17999999999999994	0.0005961848504991774
0.8	-0.15999999999999992	0.0008192005827139481
0.8	-0.07999999999999985	0.003896671153730792
0.8	-0.05999999999999983	0.0044651968166588675
0.8	-0.040000000000000036	0.004921396503754437
0.8	-0.020000000000000018	0.00521719424268093
0.8	0.	0.005319692834605965
0.8	0.020000000000000018	0.00521719424268093
0.8	0.040000000000000036	0.004921396503754437
0.8	0.06000000000000005	0.0044651968166588675
0.8	0.08000000000000007	0.003896671153730792
0.8	0.16000000000000014	0.0008192005827139481
0.8	0.18000000000000016	0.0005961848504991774
0.8	0.24	0.000089425292280672
0.8	0.26	0.00006124996320561359
0.8	0.32000000000000006	6.144135215035571e-6
0.8	0.3600000000000001	7.307486828247819e-7
0.8	0.42000000000000015	4.2477744522027864e-8
0.8	0.4600000000000002	2.9919430281893566e-9
0.8	0.5	2.1997016010152694e-10
0.8	0.56	1.2110431889575008e-12
0.8	0.6000000000000001	5.037103368929701e-14
0.8200000000000001	-0.5399999999999999	2.983015071290257e-12
0.8200000000000001	-0.4999999999999999	5.5671364831772685e-11
0.8200000000000001	-0.45999999999999996	9.740509363195232e-10
0.8200000000000001	-0.41999999999999993	1.3470545564739383e-8
0.8200000000000001	-0.3799999999999999	1.67982090256088e-7
0.8200000000000001	-0.36	2.566110791061973e-7
0.8200000000000001	-0.31999999999999995	2.4099448664939455e-6
0.8200000000000001	-0.2599999999999999	0.00002654141327580352
0.8200000000000001	-0.19999999999999996	0.00019985197039226738
0.8200000000000001	-0.17999999999999994	0.00028182779161513424
0.8200000000000001	-0.07999999999999985	0.0019789577334814166
0.8200000000000001	-0.05999999999999983	0.0021980801166529007
0.8200000000000001	-0.040000000000000036	0.00240675639282234
0.8200000000000001	-0.020000000000000018	0.0025210791115025887
0.8200000000000001	0.	0.0025706090019074067
0.8200000000000001	0.020000000000000018	0.0025210791115025887
0.8200000000000001	0.040000000000000036	0.00240675639282234
0.8200000000000001	0.06000000000000005	0.0021980801166529007
0.8200000000000001	0.08000000000000007	0.0019789577334814166
0.8200000000000001	0.18000000000000016	0.00028182779161513424
0.8200000000000001	0.20000000000000018	0.00019985197039226738
0.8200000000000001	0.26	0.00002654141327580352
0.8200000000000001	0.32000000000000006	2.4099448664939455e-6
0.8200000000000001	0.3600000000000001	2.566110791061973e-7
0.8200000000000001	0.3800000000000001	1.67982090256088e-7
0.8200000000000001	0.42000000000000015	1.3470545564739383e-8
0.8200000000000001	0.4600000000000002	9.740509363195232e-10
0.8200000000000001	0.5	5.5671364831772685e-11
0.8200000000000001	0.54	2.983015071290257e-12
0.8400000000000001	-0.62	1.010164339941724e-15
0.8400000000000001	-0.58	3.109673762784099e-14
0.8400000000000001	-0.5399999999999999	7.826496792094993e-13
0.8400000000000001	-0.4999999999999999	1.6104593970142444e-11
0.8400000000000001	-0.45999999999999996	2.7093301765331836e-10
0.8400000000000001	-0.41999999999999993	3.726523588816221e-9
0.8400000000000001	-0.3799999999999999	5.1906369151186597e-8
0.8400000000000001	-0.31999999999999995	8.246096298773204e-7
0.8400000000000001	-0.2599999999999999	9.286297074832847e-6
0.8400000000000001	-0.19999999999999996	0.00008349093063139134
0.8400000000000001	-0.17999999999999994	0.00011037962910416821
0.8400000000000001	-0.15999999999999992	0.0001417930124533007
0.8400000000000001	-0.07999999999999985	0.0008378352278152065
0.8400000000000001	-0.05999999999999983	0.000947703388505783
0.8400000000000001	-0.040000000000000036	0.001018953187609828
0.8400000000000001	-0.020000000000000018	0.0010673542218660854
0.8400000000000001	0.	0.001088323788981589
0.8400000000000001	0.020000000000000018	0.0010673542218660854
0.8400000000000001	0.040000000000000036	0.001018953187609828
0.8400000000000001	0.06000000000000005	0.000947703388505783
0.8400000000000001	0.08000000000000007	0.0008378352278152065
0.8400000000000001	0.16000000000000014	0.0001417930124533007
0.8400000000000001	0.18000000000000016	0.00011037962910416821
0.8400000000000001	0.20000000000000018	0.00008349093063139134
0.8400000000000001	0.26	9.286297074832847e-6
0.8400000000000001	0.32000000000000006	8.246096298773204e-7
0.8400000000000001	0.3800000000000001	5.1906369151186597e-8
0.8400000000000001	0.42000000000000015	3.726523588816221e-9
0.8400000000000001	0.4600000000000002	2.7093301765331836e-10
0.8400000000000001	0.5	1.6104593970142444e-11
0.8400000000000001	0.54	7.826496792094993e-13
0.8400000000000001	0.5800000000000001	3.109673762784099e-14
0.8400000000000001	0.6200000000000001	1.010164339941724e-15
0.8600000000000001	-0.58	4.738728618601725e-15
0.8600000000000001	-0.5399999999999999	1.3379228730161762e-13
0.8600000000000001	-0.45999999999999996	5.82852841284164e-11
0.8600000000000001	-0.41999999999999993	8.993267609728217e-10
0.8600000000000001	-0.3799999999999999	1.39917898558107e-8
0.8600000000000001	-0.31999999999999995	2.4614139071563e-7
0.8600000000000001	-0.2599999999999999	3.069463305122786e-6
0.8600000000000001	-0.19999999999999996	0.00002713355268756701
0.8600000000000001	-0.17999999999999994	0.00003777017620643335
0.8600000000000001	-0.07999999999999985	0.0003107802026538715
0.8600000000000001	-0.05999999999999983	0.0003515338593527713
0.8600000000000001	-0.040000000000000036	0.00037796271585041987
0.8600000000000001	-0.020000000000000018	0.0003959162259624754
0.8600000000000001	0.	0.0004036945170886603
0.8600000000000001	0.020000000000000018	0.0003959162259624754
0.8600000000000001	0.040000000000000036	0.00037796271585041987
0.8600000000000001	0.06000000000000005	0.0003515338593527713
0.8600000000000001	0.08000000000000007	0.0003107802026538715
0.8600000000000001	0.18000000000000016	0.00003777017620643335
0.8600000000000001	0.20000000000000018	0.00002713355268756701
0.8600000000000001	0.26	3.069463305122786e-6
0.8600000000000001	0.32000000000000006	2.4614139071563e-7
0.8600000000000001	0.3800000000000001	1.39917898558107e-8
0.8600000000000001	0.42000000000000015	8.993267609728217e-10
0.8600000000000001	0.4600000000000002	5.82852841284164e-11
0.8600000000000001	0.54	1.3379228730161762e-13
0.8600000000000001	0.5800000000000001	4.738728618601725e-15
0.8800000000000001	-0.5599999999999999	1.1373433360235358e-14
0.8800000000000001	-0.5199999999999999	3.048798307018201e-13
0.8800000000000001	-0.48	6.681832552650457e-12
0.8800000000000001	-0.43999999999999995	1.1972704601794516e-10
0.8800000000000001	-0.3799999999999999	3.290189024271802e-9
0.8800000000000001	-0.33999999999999997	3.7414932635059676e-8
0.8800000000000001	-0.2799999999999999	5.657670122151391e-7
0.8800000000000001	-0.2599999999999999	8.850692890629648e-7
0.8800000000000001	-0.19999999999999996	8.663734040475057e-6
0.8800000000000001	-0.17999999999999994	0.000011329529656431923
0.8800000000000001	-0.05999999999999983	0.00011424429482435196
0.8800000000000001	-0.040000000000000036	0.0001242937347885215
0.8800000000000001	-0.020000000000000018	0.00012936717651945828
0.8800000000000001	0.	0.00013119588398729227
0.8800000000000001	0.020000000000000018	0.00012936717651945828
0.8800000000000001	0.040000000000000036	0.0001242937347885215
0.8800000000000001	0.06000000000000005	0.00011424429482435196
0.8800000000000001	0.18000000000000016	0.000011329529656431923
0.8800000000000001	0.20000000000000018	8.663734040475057e-6
0.8800000000000001	0.26	8.850692890629648e-7
0.8800000000000001	0.28	5.657670122151391e-7
0.8800000000000001	0.3400000000000001	3.7414932635059676e-8
0.8800000000000001	0.3800000000000001	3.290189024271802e-9
0.8800000000000001	0.44000000000000017	1.1972704601794516e-10
0.8800000000000001	0.48	6.681832552650457e-12
0.8800000000000001	0.52	3.048798307018201e-13
0.8800000000000001	0.56	1.1373433360235358e-14
0.9000000000000001	-0.5599999999999999	1.492452490999695e-15
0.9000000000000001	-0.5199999999999999	4.488014804909953e-14
0.9000000000000001	-0.48	1.1034123300732845e-12
0.9000000000000001	-0.43999999999999995	2.2179470331767082e-11
0.9000000000000001	-0.3799999999999999	6.749372186050069e-10
0.9000000000000001	-0.33999999999999997	8.610019879921806e-9
0.9000000000000001	-0.2799999999999999	1.4417183742028808e-7
0.9000000000000001	-0.2599999999999999	1.9344723300740756e-7
0.9000000000000001	-0.19999999999999996	2.413228886843264e-6
0.9000000000000001	-0.17999999999999994	2.9697989438861345e-6
0.9000000000000001	-0.07999999999999985	0.00003009375015511093
0.9000000000000001	-0.05999999999999983	0.000032529284511913764
0.9000000000000001	-0.040000000000000036	0.00003539070610222135
0.9000000000000001	-0.020000000000000018	0.00003683528965690999
0.9000000000000001	0.	0.00003735598564091246
0.9000000000000001	0.020000000000000018	0.00003683528965690999
0.9000000000000001	0.040000000000000036	0.00003539070610222135
0.9000000000000001	0.06000000000000005	0.000032529284511913764
0.9000000000000001	0.08000000000000007	0.00003009375015511093
0.9000000000000001	0.18000000000000016	2.9697989438861345e-6
0.9000000000000001	0.20000000000000018	2.413228886843264e-6
0.9000000000000001	0.26	1.9344723300740756e-7
0.9000000000000001	0.28	1.4417183742028808e-7
0.9000000000000001	0.3400000000000001	8.610019879921806e-9
0.9000000000000001	0.3800000000000001	6.749372186050069e-10
0.9000000000000001	0.44000000000000017	2.2179470331767082e-11
0.9000000000000001	0.48	1.1034123300732845e-12
0.9000000000000001	0.52	4.488014804909953e-14
0.9000000000000001	0.56	1.492452490999695e-15
0.9200000000000002	-0.5199999999999999	5.7633476832473425e-15
0.9200000000000002	-0.48	1.5895530623386955e-13
0.9200000000000002	-0.43999999999999995	3.584305563600321e-12
0.9200000000000002	-0.3999999999999999	6.607920490808825e-11
0.9200000000000002	-0.33999999999999997	1.728455860720464e-9
0.9200000000000002	-0.2799999999999999	3.204927412954108e-8
0.9200000000000002	-0.2599999999999999	4.2632905446290054e-8
0.9200000000000002	-0.19999999999999996	5.27452998925788e-7
0.9200000000000002	-0.17999999999999994	7.154183067577195e-7
0.9200000000000002	-0.07999999999999985	7.5073891992106645e-6
0.9200000000000002	-0.05999999999999983	8.248699853399308e-6
0.9200000000000002	-0.040000000000000036	8.828803435092393e-6
0.9200000000000002	-0.020000000000000018	9.189178958911414e-6
0.9200000000000002	0.	9.319075279118237e-6
0.9200000000000002	0.020000000000000018	9.189178958911414e-6
0.9200000000000002	0.040000000000000036	8.828803435092393e-6
0.9200000000000002	0.06000000000000005	8.248699853399308e-6
0.9200000000000002	0.08000000000000007	7.5073891992106645e-6
0.9200000000000002	0.18000000000000016	7.154183067577195e-7
0.9200000000000002	0.20000000000000018	5.27452998925788e-7
0.9200000000000002	0.26	4.2632905446290054e-8
0.9200000000000002	0.28	3.204927412954108e-8
0.9200000000000002	0.3400000000000001	1.728455860720464e-9
0.9200000000000002	0.40000000000000013	6.607920490808825e-11
0.9200000000000002	0.44000000000000017	3.584305563600321e-12
0.9200000000000002	0.48	1.5895530623386955e-13
0.9200000000000002	0.52	5.7633476832473425e-15
0.9400000000000002	-0.48	1.9975937944471106e-14
0.9400000000000002	-0.43999999999999995	5.053052784098241e-13
0.9400000000000002	-0.3999999999999999	1.0450336518216408e-11
0.9400000000000002	-0.33999999999999997	3.0269649037318e-10
0.9400000000000002	-0.2799999999999999	5.377107381247738e-9
0.9400000000000002	-0.19999999999999996	1.1229094909905494e-7
0.9400000000000002	-0.17999999999999994	1.3699916816962946e-7
0.9400000000000002	-0.07999999999999985	1.6408700263846628e-6
0.9400000000000002	-0.05999999999999983	1.8321244274214008e-6
0.9400000000000002	-0.040000000000000036	1.9296880101817854e-6
0.9400000000000002	-0.020000000000000018	2.008454326884731e-6
0.9400000000000002	0.	2.0368454190086688e-6
0.9400000000000002	0.020000000000000018	2.008454326884731e-6
0.9400000000000002	0.040000000000000036	1.9296880101817854e-6
0.9400000000000002	0.06000000000000005	1.8321244274214008e-6
0.9400000000000002	0.08000000000000007	1.6408700263846628e-6
0.9400000000000002	0.18000000000000016	1.3699916816962946e-7
0.9400000000000002	0.20000000000000018	1.1229094909905494e-7
0.9400000000000002	0.28	5.377107381247738e-9
0.9400000000000002	0.3400000000000001	3.0269649037318e-10
0.9400000000000002	0.40000000000000013	1.0450336518216408e-11
0.9400000000000002	0.44000000000000017	5.053052784098241e-13
0.9400000000000002	0.48	1.9975937944471106e-14
0.9600000000000002	-0.4999999999999999	1.361099040382909e-15
0.9600000000000002	-0.45999999999999996	3.998291586748803e-14
0.9600000000000002	-0.43999999999999995	6.214376994492071e-14
0.9600000000000002	-0.3999999999999999	1.4417524408573017e-12
0.9600000000000002	-0.33999999999999997	3.898370914743869e-11
0.9600000000000002	-0.2799999999999999	9.13595721528833e-10
0.9600000000000002	-0.19999999999999996	1.883975558408344e-8
0.9600000000000002	-0.07999999999999985	3.1421872569624594e-7
0.9600000000000002	-0.05999999999999983	3.5084302452018866e-7
0.9600000000000002	-0.040000000000000036	3.6952598182721765e-7
0.9600000000000002	-0.020000000000000018	3.84609353004835e-7
0.9600000000000002	0.	3.900461107277876e-7
0.9600000000000002	0.020000000000000018	3.84609353004835e-7
0.9600000000000002	0.040000000000000036	3.6952598182721765e-7
0.9600000000000002	0.06000000000000005	3.5084302452018866e-7
0.9600000000000002	0.08000000000000007	3.1421872569624594e-7
0.9600000000000002	0.20000000000000018	1.883975558408344e-8
0.9600000000000002	0.28	9.13595721528833e-10
0.9600000000000002	0.3400000000000001	3.898370914743869e-11
0.9600000000000002	0.40000000000000013	1.4417524408573017e-12
0.9600000000000002	0.44000000000000017	6.214376994492071e-14
0.9600000000000002	0.4600000000000002	3.998291586748803e-14
0.9600000000000002	0.5	1.361099040382909e-15
0.9800000000000002	-0.45999999999999996	4.326817052160059e-15
0.9800000000000002	-0.3999999999999999	1.7351861306830255e-13
0.9800000000000002	-0.36	3.6922033448658195e-12
0.9800000000000002	-0.33999999999999997	5.21794904075203e-12
0.9800000000000002	-0.2799999999999999	1.354111284720606e-10
0.9800000000000002	-0.19999999999999996	3.0655177424670553e-9
0.9800000000000002	-0.17999999999999994	3.7078457276932038e-9
0.9800000000000002	-0.05999999999999983	5.886313085224941e-8
0.9800000000000002	-0.040000000000000036	6.199768757366245e-8
0.9800000000000002	-0.020000000000000018	6.487705206980394e-8
0.9800000000000002	0.	6.544047807585689e-8
0.9800000000000002	0.020000000000000018	6.487705206980394e-8
0.9800000000000002	0.040000000000000036	6.199768757366245e-8
0.9800000000000002	0.06000000000000005	5.886313085224941e-8
0.9800000000000002	0.18000000000000016	3.7078457276932038e-9
0.9800000000000002	0.20000000000000018	3.0655177424670553e-9
0.9800000000000002	0.28	1.354111284720606e-10
0.9800000000000002	0.3400000000000001	5.21794904075203e-12
0.9800000000000002	0.3600000000000001	3.6922033448658195e-12
0.9800000000000002	0.40000000000000013	1.7351861306830255e-13
0.9800000000000002	0.4600000000000002	4.326817052160059e-15
1.0000000000000002	-0.41999999999999993	1.2345406455531462e-14
1.0000000000000002	-0.3999999999999999	1.821781941531413e-14
1.0000000000000002	-0.36	4.348631374717444e-13
1.0000000000000002	-0.33999999999999997	6.092723386847345e-13
1.0000000000000002	-0.29999999999999993	1.148619083073964e-11
1.0000000000000002	-0.2799999999999999	1.5279275457087514e-11
1.0000000000000002	-0.21999999999999997	3.208123462646373e-10
1.0000000000000002	-0.19999999999999996	3.9480223874190375e-10
1.0000000000000002	-0.17999999999999994	4.775264464869142e-10
1.0000000000000002	-0.07999999999999985	8.074277208605617e-9
1.0000000000000002	-0.05999999999999983	8.65259746639312e-9
1.0000000000000002	-0.040000000000000036	9.113362246541195e-9
1.0000000000000002	-0.020000000000000018	9.53661499547621e-9
1.0000000000000002	0.	9.619435911759284e-9
1.0000000000000002	0.020000000000000018	9.53661499547621e-9
1.0000000000000002	0.040000000000000036	9.113362246541195e-9
1.0000000000000002	0.06000000000000005	8.65259746639312e-9
1.0000000000000002	0.08000000000000007	8.074277208605617e-9
1.0000000000000002	0.18000000000000016	4.775264464869142e-10
1.0000000000000002	0.20000000000000018	3.9480223874190375e-10
1.0000000000000002	0.21999999999999997	3.208123462646373e-10
1.0000000000000002	0.28	1.5279275457087514e-11
1.0000000000000002	0.30000000000000004	1.148619083073964e-11
1.0000000000000002	0.3400000000000001	6.092723386847345e-13
1.0000000000000002	0.3600000000000001	4.348631374717444e-13
1.0000000000000002	0.40000000000000013	1.821781941531413e-14
1.0000000000000002	0.42000000000000015	1.2345406455531462e-14
1.0200000000000002	-0.41999999999999993	1.1405281962381595e-15
1.0200000000000002	-0.36	4.468014060307735e-14
1.0200000000000002	-0.29999999999999993	1.312499862006963e-12
1.0200000000000002	-0.2799999999999999	1.730894683660087e-12
1.0200000000000002	-0.21999999999999997	3.6199241996741196e-11
1.0200000000000002	-0.19999999999999996	4.682366564165769e-11
1.0200000000000002	-0.17999999999999994	5.887599046576508e-11
1.0200000000000002	-0.07999999999999985	1.0398709079448377e-9
1.0200000000000002	-0.05999999999999983	1.1143516813950521e-9
1.0200000000000002	-0.040000000000000036	1.1852220697032408e-9
1.0200000000000002	-0.020000000000000018	1.228202628898691e-9
1.0200000000000002	0.	1.2388689782432877e-9
1.0200000000000002	0.020000000000000018	1.228202628898691e-9
1.0200000000000002	0.040000000000000036	1.1852220697032408e-9
1.0200000000000002	0.06000000000000005	1.1143516813950521e-9
1.0200000000000002	0.08000000000000007	1.0398709079448377e-9
1.0200000000000002	0.18000000000000016	5.887599046576508e-11
1.0200000000000002	0.20000000000000018	4.682366564165769e-11
1.0200000000000002	0.21999999999999997	3.6199241996741196e-11
1.0200000000000002	0.28	1.730894683660087e-12
1.0200000000000002	0.30000000000000004	1.312499862006963e-12
1.0200000000000002	0.3600000000000001	4.468014060307735e-14
1.0200000000000002	0.42000000000000015	1.1405281962381595e-15
1.0400000000000003	-0.36	3.3906333213219934e-15
1.0400000000000003	-0.29999999999999993	1.1368232066490661e-13
1.0400000000000003	-0.21999999999999997	3.978538964073757e-12
1.0400000000000003	-0.19999999999999996	4.853966708641447e-12
1.0400000000000003	-0.17999999999999994	5.8204861467013e-12
1.0400000000000003	-0.09999999999999987	1.0761536323747275e-10
1.0400000000000003	-0.07999999999999985	1.1733506855442197e-10
1.0400000000000003	-0.05999999999999983	1.2573919505896963e-10
1.0400000000000003	-0.040000000000000036	1.3373593946934498e-10
1.0400000000000003	-0.020000000000000018	1.3858570189771464e-10
1.0400000000000003	0.	1.3978925209035076e-10
1.0400000000000003	0.020000000000000018	1.3858570189771464e-10
1.0400000000000003	0.040000000000000036	1.3373593946934498e-10
1.0400000000000003	0.06000000000000005	1.2573919505896963e-10
1.0400000000000003	0.08000000000000007	1.1733506855442197e-10
1.0400000000000003	0.10000000000000009	1.0761536323747275e-10
1.0400000000000003	0.18000000000000016	5.8204861467013e-12
1.0400000000000003	0.20000000000000018	4.853966708641447e-12
1.0400000000000003	0.21999999999999997	3.978538964073757e-12
1.0400000000000003	0.30000000000000004	1.1368232066490661e-13
1.0400000000000003	0.3600000000000001	3.3906333213219934e-15
1.0600000000000003	-0.29999999999999993	9.928502575600417e-15
1.0600000000000003	-0.2799999999999999	1.2980749673031537e-14
1.0600000000000003	-0.21999999999999997	3.4460159226230767e-13
1.0600000000000003	-0.19999999999999996	4.204268631501245e-13
1.0600000000000003	-0.09999999999999987	1.0638865281768111e-11
1.0600000000000003	-0.07999999999999985	1.1599756295231703e-11
1.0600000000000003	-0.05999999999999983	1.2430589059281566e-11
1.0600000000000003	-0.040000000000000036	1.3349757990388843e-11
1.0600000000000003	-0.020000000000000018	1.3700595975460708e-11
1.0600000000000003	0.	1.381957906462286e-11
1.0600000000000003	0.020000000000000018	1.3700595975460708e-11
1.0600000000000003	0.040000000000000036	1.3349757990388843e-11
1.0600000000000003	0.06000000000000005	1.2430589059281566e-11
1.0600000000000003	0.08000000000000007	1.1599756295231703e-11
1.0600000000000003	0.10000000000000009	1.0638865281768111e-11
1.0600000000000003	0.20000000000000018	4.204268631501245e-13
1.0600000000000003	0.21999999999999997	3.4460159226230767e-13
1.0600000000000003	0.28	1.2980749673031537e-14
1.0600000000000003	0.30000000000000004	9.928502575600417e-15
1.0800000000000003	-0.21999999999999997	2.8947362660895134e-14
1.0800000000000003	-0.19999999999999996	3.5012798485324466e-14
1.0800000000000003	-0.07999999999999985	1.004714174044084e-12
1.0800000000000003	-0.05999999999999983	1.1073636899868908e-12
1.0800000000000003	-0.040000000000000036	1.1562907643598925e-12
1.0800000000000003	-0.020000000000000018	1.1866786352274612e-12
1.0800000000000003	0.	1.1969843686506631e-12
1.0800000000000003	0.020000000000000018	1.1866786352274612e-12
1.0800000000000003	0.040000000000000036	1.1562907643598925e-12
1.0800000000000003	0.06000000000000005	1.1073636899868908e-12
1.0800000000000003	0.08000000000000007	1.004714174044084e-12
1.0800000000000003	0.20000000000000018	3.5012798485324466e-14
1.0800000000000003	0.21999999999999997	2.8947362660895134e-14
1.1000000000000003	-0.21999999999999997	1.924632996548557e-15
1.1000000000000003	-0.19999999999999996	2.3279076596982473e-15
1.1000000000000003	-0.05999999999999983	8.403429746219335e-14
1.1000000000000003	-0.040000000000000036	8.774721703775244e-14
1.1000000000000003	-0.020000000000000018	9.005325560739185e-14
1.1000000000000003	0.	9.083532483711497e-14
1.1000000000000003	0.020000000000000018	9.005325560739185e-14
1.1000000000000003	0.040000000000000036	8.774721703775244e-14
1.1000000000000003	0.06000000000000005	8.403429746219335e-14
1.1000000000000003	0.20000000000000018	2.3279076596982473e-15
1.1000000000000003	0.21999999999999997	1.924632996548557e-15
1.1199999999999999	-0.07999999999999985	5.259058598275413e-15
1.1199999999999999	-0.05999999999999983	5.587216480899014e-15
1.1199999999999999	-0.040000000000000036	5.834078608283958e-15
1.1199999999999999	-0.020000000000000018	5.9874009670229565e-15
1.1199999999999999	0.	6.039398665837288e-15
1.1199999999999999	0.020000000000000018	5.9874009670229565e-15
1.1199999999999999	0.040000000000000036	5.834078608283958e-15
1.1199999999999999	0.06000000000000005	5.587216480899014e-15
1.1199999999999999	0.08000000000000007	5.259058598275413e-15